-7554, 1782, -6933, 8853, -9587, -5183, 9357, -4119, -5874, -1584, -1276, -8293, 8652, -7715, -6132
6164, 4017, -8078, -9073, 4825, -2645, 4547, 7479, 4445, -8059, 6793, 4267, -3572, 7044, 3492
-8356, 3958, 8806, 1183, 7838, 1148, -5354, -5501, -611, -129, -5782, 6009, -6766, 6038, -1084
6540, 3170, -1473, -2501, -8842, -4327, -4289, -771, 1823, 8117, 6281, 8522, 59, 1150, -1116
2521, -1236, 172, 2727, 586, -8458, -5829, 3986, -6841, -4149, -6802, -1134, -3729, 9726, 8575
1347, -2839, -5942, 8226, 4140, -375, -2121, 7224, -9581, -1265, 5125, 7736, -2568, 1402, -887
-6226, 7423, 775, 2640, 6372, 1494, 7083, -5277, 950, 472, -2715, 9572, 9783, 5814, -9419
1379, 540, -8424, 2768, -2216, 7176, 5572, -1273, -7743, 5028, -2516, 4906, 8959, -9348, -600
5176, 9086, -4133, -3253, 8673, -1614, -178, -9321, -4366, 4972, -6604, 1753, -275, 9070, -3829
5237, 6945, -9957, 3818, -3219, -8226, -4654, -4063, -6293, -2214, -5896, -9798, -1004, 3283, 4952
-6050, -3759, -3569, -8863, -5936, -4683, 3688, -4536, 7836, 1833, -2615, 5653, 5958, -8767, 5765
9266, -7005, -2146, 3655, -4962, -5114, 2180, -4825, -5379, -4437, 3032, -7836, 3165, 5780, -478
1979, 1795, 4804, 6151, 6372, -2793, 5406, 8619, 512, -767, -4778, 9188, -3572, -5401, 7671
-8455, -9853, 4534, 5225, -2064, 168, -809, 9783, 5311, -8448, 1750, 6172, 1264, 9091, -7766
1707, -229, -9496, 7999, 9901, 6331, -4747, 2825, -9695, -645, -1170, 7549, -5723, -2279, -9658
-5246, 1790, 5984, -2164, -4937, -603, -4266, 2985, -717, 7902, 2276, 9806, 3634, -2034, -6852
-5386, 8380, 6456, -9993, 4444, -7864, 9680, -5047, -5752, 8587, 6221, 9845, -176, 5821, 5812
-5462, -5426, 2754, 8455, -3628, -1495, 1219, 5010, 69, -985, 9542, -7324, -4861, -7475, 48
-3188, 119, 4764, -5316, 817, 8951, -2930, 7480, 872, -5278, 3870, 5043, 3189, 5201, -1172
-9571, -9371, -6586, -631, -8287, 8181, -4271, 3897, 5872, 8228, 4936, 6347, 7247, -857, 935
-6235, -5984, 6534, -48, 3924, 6796, 5577, -7104, 6148, -6907, -3247, -4208, -2411, 3855, -3634
-2929, 1280, -952, 6160, -1465, -8735, 4758, -7980, 3028, -9719, 3710, -1441, -7465, 6456, 1092
165, -2460, 6022, -9287, -9971, -4260, 173, -214, 3403, 5372, 4060, -6442, 1196, -6004, 3925
4463, -4961, 3908, -9725, -4681, 2817, 9621, 4851, 4599, 8897, 1300, 8928, -6926, 8925, 135
-5246, 2039, -5379, -231, 7083, -3974, -3493, -8985, 3090, -259, 7201, 869, -4508, 7247, 7465
308, -4335, -5835, 1281, 3347, 3949, -6070, -3523, 9170, -4904, 4797, -6063, -2527, -5307, 4776
-5129, -7332, 4946, 8785, -3671, 4494, 1984, -8901, 473, 7950, 7354, -2894, -9406, 5013, 9698
-699, -9187, 5059, 4824, 8649, 7539, -1874, -5137, -9011, -5601, -3008, 1498, -4975, -3245, -6706
9530, 1278, 4485, 6103, -4375, -5245, -5638, -8059, -7975, -4542, -5808, -3413, 3107, 9869, 3364
5094, 3176, 7861, -1207, 1445, 4351, 8956, -2739, -9538, -5548, 7634, 9040, 8494, -9444, 9487
-11, -6587, 1226, 4493, 6264, 2777, 9878, 3175, 9172, -1889, -8974, 4619, 3513, 3039, -1878
5953, 8992, -8421, -3411, 3366, 718, 9954, 6471, -6388, 1102, 1994, -3053, -2666, -5646, 483
-8143, -6772, 8925, -1517, 5576, -4356, 7890, 4596, -2318, 4796, -3425, 799, -6658, 4244, -4766
-4259, -252, 4092, 5658, -2492, 5296, 3649, 8032, -6823, 8597, -4148, -1977, 9613, 9620, -7001
-5760, -1951, -9829, 5833, 3184, -2022, -2645, 4243, 200, -6099, 7320, 4405, -7818, 5803, -2296
-8521, 3597, -1488, -9894, -4690, 8051, -3962, 8617, 9261, -1728, 13, -3280, -5804, -5447, -2291
-686, 1952, 6012, -7446, -4959, 8302, 4801, 1442, 5980, 4577, 1877, 8535, -7943, 9426, 38
6861, 8289, 8653, 3463, 5469, -6762, -8412, 9452, -9347, -1997, 1111, -2119, -7822, 9639, 6868
-448, -2679, -1183, -1805, 4034, 9347, 4649, -6861, -7692, -9566, 5601, -1318, -8918, 4504, -347
5904, -2309, 4656, -280, -5979, -8989, -8075, 2726, -5219, -4918, 7280, -9514, -7871, -3651, 9233
6176, -5963, 56, 4316, 9948, -4432, -2263, 993, -1055, 3990, 6841, -8185, -728, -9249, -5574
6903, -8129, -6716, -9854, 352, -2646, -7382, 9452, -3359, 935, -6356, -5158, 8720, 5536, -8834
4734, -5022, -7764, 6863, 3647, -2788, -4328, 7990, 3022, -2140, 8615, -5360, 1956, -308, 9376
-7044, 7183, -4419, 6444, 4636, -7396, 6461, -4276, -8016, 2681, 7628, -7167, 8700, -9771, -587
3790, -4819, 5949, 7940, -4598, -8606, 7409, -4795, -755, 2174, -1949, 7748, -8414, 9451, 7880
-7524, -9529, -8408, -5860, 8769, -6669, -6090, 469, -5309, 6567, 5042, -1322, 8200, -5619, 7874
9793, -8048, 6866, -1751, -7626, 8450, -5171, 9806, -4951, 8636, -18, 9019, 1833, 7440, -4503
-8534, 7060, 2549, -9877, 5626, 5337, -3727, -5476, -8869, -9137, 4401, 9301, -725, -4956, 4407
7831, 9242, 8389, 5603, -7345, 440, 6814, -349, 2095, 2903, -2789, -5479, -6670, 2857, -1687
-9577, -7178, -9700, -655, 2189, -627, -138, -6545, 6983, -4953, -4367, -8164, -5810, -654, -2266
8496, 3895, 8516, 6593, 9903, -2042, 9727, 7072, 1449, 6725, -4179, -8153, 9176, 5711, -844
-2422, -7129, -4375, -3570, 4149, -3007, 2879, -354, -9502, 4959, 3027, -164, -1673, -8329, -8242
7410, -4324, 8644, 4721, 111, 5492, -4950, -6502, 2549, 3510, -257, -8388, -5031, -2702, 8025
4606, 8634, 9168, -8574, -4706, 8562, 4837, 2597, 676, -938, -3416, -9449, -8412, -1749, -2233
207, 3841, -6170, -7005, -1025, 5692, -5635, 6670, -112, 4397, 2785, 1425, 9109, 6699, -8906
-854, -1049, 4065, -2356, -606, 1031, -8581, 8528, 1895, -9077, 9300, -7949, 7328, 9029, -1534
1423, -5176, 5453, -6312, -6269, 8660, 3851, 9564, -4800, 2644, -3354, 2160, -4920, -2927, 1689
-9582, 4419, -1938, 9185, 9465, -5399, 3156, -827, -1321, -3536, 5114, -6593, -7151, -8833, 1577
-2224, 1833, -2170, 5543, -4193, 8169, 464, -5003, -7020, -4035, 8170, 4428, -3788, 3070, 2242
6326, 703, -6246, -2929, -7743, 565, -3290, 6106, -7308, 5532, 5297, -1643, 8885, -6866, -488
-4038, 5521, -8860, -7235, 8403, -5648, 1487, 6252, 366, 6017, -3608, 4213, 797, -5371, 2219
744, -7779, -6891, 8170, 5327, -7775, -9654, 7144, 224, -5402, -4270, 2384, -3594, -557, -33
1384, 9238, 8247, 6071, 2325, -3149, 3601, -7847, 3089, -1341, -164, 6460, -7614, -4989, 1324
-9535, -3754, -631, 1412, -6673, -5605, 2545, 7606, -7584, 9149, 8583, 6445, -8663, 2414, -7097
-4167, 7671, 6504, 9558, 4484, -3610, 1616, 8777, -175, -3842, 231, 202, 2452, 8765, 1904
3781, 630, -3602, -8490, 7821, -8053, 4548, -9103, -3475, -3027, -5167, 3478, 8928, -6431, -7813
-7112, -5122, -6030, -2318, -1869, 30, 4433, -2180, -9516, -5655, -7018, 9148, 1046, 501, 6521
-5677, 232, -2057, 3131, 2015, 6612, -6968, 6124, 5270, -3294, -3853, 5525, 6713, -9296, 5142
-7513, 7935, -2756, -6559, -7295, -1817, 5485, -4933, -5594, 2328, 2595, -679, 4794, 2164, 8735
-4535, -9492, 3362, 1195, -4956, -6168, -187, 5644, -8945, -5748, 3587, 7788, 5449, 1546, -1487
113, 2826, 9136, -5851, -3925, -8308, 4199, 715, -7141, -6218, -6066, -7635, 2135, 3713, -9810
-9998, 1078, 3018, -1857, 3705, 5974, -7466, 696, -5684, 5148, -7320, 1997, 2653, -3652, -1794
653, -143, 1215, -5933, -9814, -6230, -7112, 6665, -7789, -5262, 5025, -3180, 2147, -4367, -8100
4234, -2160, 6802, -7905, 7355, 3157, 8567, -2498, -5989, -9712, 9756, -1775, 36, 9270, 2315
4825, -6105, 2456, 5124, 7838, 8822, -9809, -1020, -3527, 5949, -4656, -3151, -8464, -9129, 2771
4750, 7966, -5706, -7943, 4713, 8704, 4276, 2360, -4859, 3440, -9466, -7915, 5129, -1777, -1089
-4973, 4061, 3048, 2210, -2829, 8227, 6757, -8107, -2076, -7324, -4, -1569, 5865, 3140, -6776
1589, 8435, -1621, -2254, -2094, -1176, 4200, 997, -5516, 4500, 7212, 4128, -6053, 7456, -8204
3876, 9845, 5040, 885, 2793, -1924, 9155, -818, -9430, -2761, -7855, -408, -593, 4577, 6647
2581, 1502, 7710, -795, 3862, 8439, -7000, 6425, -1568, 2187, 5620, -4572, -9191, -5936, -425
3778, -5414, -7215, -4171, -1776, 7954, -5775, 1225, -6216, -2077, 576, 4213, -3889, 8505, 141
8973, -4603, 671, 7570, -6128, -1194, 2990, -3844, -8264, -4857, 7779, -7558, 5899, 3776, -5689
-3236, 7312, 1471, 9614, -7161, -1452, -129, 7357, -8492, -2028, -3642, 8764, -2538, 480, -2636
-2261, -9173, -8251, -4767, -3590, 5711, 2199, -4245, 3450, -6491, -9074, 4811, 3460, 6036, 3642
2739, -7657, 970, 1464, -3168, 4558, -4001, 634, 8194, -5686, -2322, -7509, 626, 3141, 9986
-2420, -5359, 4070, 6272, 3402, -6854, 5180, 5615, 3962, 8122, 5666, -1473, 3516, 130, -8833
1489, -7546, -8467, 1343, -8832, 3476, 5473, -811, 1336, -6130, -1843, 8804, -3309, -479, 286
775, -1739, 1003, 4712, 1535, -9634, 8636, -8392, 2007, -2618, 1303, -720, -3894, 7603, 8659
-7798, 3720, -4487, -7290, 370, 8133, -3634, -8781, -6273, 4670, -8826, -1618, 9069, 2164, -1669
-5242, 7657, 8467, -631, 1689, 5077, -4044, -9194, 997, 6598, 399, -6301, 2660, 3556, 2110
-2829, 2234, 7680, -7744, 3597, 8098, -5652, 8750, 7082, -9776, 9368, -6596, -8269, -5878, 2146
-6081, -5883, -8982, -4655, -6882, 1789, -4087, -6034, 1264, 7230, 2287, 7989, -5402, -1202, 600
9460, -7023, 6410, 9749, 9620, 8041, -6210, 9575, 5668, 1514, 741, 9688, -7893, -9019, 5526
-8316, 2369, -7111, 7744, -9551, 6797, -9963, 9936, 9635, -479, -4059, 3333, -693, -4071, 63
-7106, -998, 1932, -6788, -3769, -44, -8406, -166, -6984, -4914, -8690, -9942, -9727, -7790, 9138
-1255, 3909, -5730, -2768, -525, 1860, -1858, 889, 7690, -5853, 64, -9752, -5452, -7652, 4815
753, -2481, -9670, -7170, -1717, 5327, 9679, 5410, 4063, 4700, -2083, 7231, -5065, 7512, -8931
-793, 5742, 6654, -4695, 8650, 1827, -5792, 3388, -690, -406, 3050, -3941, -9260, -5957, -485
2886, -2704, -3953, 3635, -138, -8768, 6327, -1401, -74, -3738, 6794, -1154, 8633, -4996, 2903
7759, -1353, -3829, 2717, -2849, -9250, 1873, 9970, 7051, 6923, -1591, -8305, 9341, 8580, 2433
2560, -4824, 1691, 8641, -2032, -960, -1540, 5873, 645, 3172, -6447, -3519, 380, -3281, -2781
-6550, -9711, -8030, 1475, 211, 4484, 4421, -6699, -6619, -4905, 8923, 8149, 3862, -1235, -4945
5419, 5395, 842, -6239, 4993, 3091, -3715, 2786, -8644, 1466, 9228, 3205, 1168, 2395, -1163
7206, -8130, 8476, -649, -3518, -3692, -4787, -8924, -112, -2039, -2027, 10000, 4510, -8784, 8665
-9602, -4220, 1583, -1674, -3029, 7578, -9398, 847, -4724, 3008, -6806, 5858, 4269, -17, 1473
8774, 4825, 6511, 3268, 6579, 7769, 7250, -6723, -1626, 3904, -708, -8112, -8281, -277, 9857
-9768, 7195, -2918, 8232, 6774, -7741, -344, 1385, 2979, -6055, -692, 4524, -8620, -2358, 4459
-2244, -8264, -424, -2158, -2665, -9247, 8563, -5777, -5721, 3818, 9704, 9026, -6297, -3537, -8256
5793, 3110, 8497, -3947, 4267, -999, 7014, 2334, 4184, -8936, -1953, -2094, -3822, 8362, 7952
-231, 2985, -5236, -9240, -5951, 9817, 2668, 4370, 4409, 1003, 7274, 8994, -2523, -4172, -5203
356, 4768, -4583, 9580, 2702, -528, 38, -9617, 4994, -7430, 106, -6634, 9263, -6751, 2490
8226, 6019, 8792, 200, -8727, -905, -9968, -4300, 9899, -692, -1748, -2467, 5007, -1148, -709
7757, 6828, -8970, -534, 1340, 3085, -4625, -9338, 288, 4000, -5679, -9667, -3720, 589, -3701
-4070, 9943, 3574, -3908, 747, 2108, 3822, 3457, 3518, -6908, -9844, 3037, 4522, -113, -4825
5352, -6689, 2393, -1504, -5417, -1983, 1890, 1847, -8765, 9391, 9946, 321, 9990, 6191, -4339
9072, 2977, 3650, -9129, -1553, 6695, -9553, -5524, 5721, -8026, -1028, -5141, -9265, 4157, -9334
474, 7974, -7586, -1115, -5099, -6466, 4020, 1244, -7781, 3077, 5359, 6149, -2022, 1071, -2578
-3355, 7796, 2342, -140, -53, 4550, -83, 5027, 7882, 5060, -8361, 3300, -6846, -3193, -7754
4619, -6771, -360, -1832, -1194, -9280, -3650, 9525, -4238, 741, 3517, 1058, 3514, -7369, 5932
-1676, 7326, 7616, -8658, -3822, 1989, 8249, -6839, -4240, 3688, -2989, 5539, 2634, -6199, 2582
8089, 8420, 3634, -2177, 3068, 823, 5759, -1186, 2003, -7503, -2900, -360, 5309, -2194, 2659
7572, -4081, -4412, -6373, 5516, -5636, 6677, 7380, 7553, 2058, 4270, 1370, 8206, -5615, -451
1723, 16, 8197, -474, -5734, -6964, 4940, -9617, 4637, -6809, 8190, -3887, 7339, 5179, 9383
-3626, -2361, -3410, -7431, -1620, -8977, 5471, 7171, 5105, 4027, 6748, 617, -5347, 1914, 3741
-1097, -9495, 8137, -5228, 5406, -8592, 1025, 4768, 1979, 4357, 9328, -8100, -8022, 2768, 5668
-58, 6418, 9169, 6562, 9954, -6611, -2086, -2050, 1978, 9657, -6430, 1512, 2927, 2027, 6198
-88, -8253, -1761, -4195, 8955, -8131, 4082, 3413, 3259, -3291, 3134, -8818, 1495, -1993, 6308
3616, -3945, 9827, 1267, -9975, -605, -8310, -4605, 1575, -7936, -8746, 4007, 457, -9231, 5838
-9222, 2028, -2456, -9611, 5287, -9993, -1554, 3461, 1987, 9499, -8897, -6129, 4865, 8867, -4120
-705, -8375, -5502, -2982, -7510, -3875, 6943, -4550, -9303, 1228, 7688, 54, -8495, 3569, -9340
-1997, 29, -7042, 4907, 2476, 3400, -83, 5965, -4891, -5333, 8530, 1361, 5535, 8919, 3822
-1781, 5428, 5879, 9299, -1832, -3242, 9637, -7231, 4289, -5536, 2703, 2489, 1665, 2966, 2697
-6708, 1061, -1752, -2411, -2572, 4634, 5760, -2686, -3582, 2536, 1733, -8805, 7663, 7608, -6242
-1034, 4814, 8274, 1253, -1206, -3029, -5072, 7393, 984, 8259, -1279, -9232, -9029, 4711, 5083
2939, -1301, 3236, 2644, 1503, 5462, 6850, -4361, 1271, 6972, 8263, -7289, 9951, -1749, 2441
-3509, 7642, -7712, -9126, -4404, 3316, 5404, 7799, 36, -520, 3143, -375, -2020, 1185, 4728
3261, -7185, -5519, -6510, -9339, -5610, 7139, -6572, -8796, 1351, 111, 566, -123, -4564, -4095
-6840, 6203, -6817, -9897, -7532, -2657, 1895, 5659, 2044, -5463, -9584, 535, -6800, 5775, 5156
1264, -607, -4725, -8769, 1948, 9177, 3454, 1540, 6172, 4157, -7336, -9511, -2219, 7259, 4829
-6216, 3337, 1904, 4341, 6512, 6733, 7700, -2865, -1187, -1991, -5913, -3760, -4485, 8482, -5436
-8031, 4365, -8541, -2962, 1497, -9459, -2161, -6469, -5515, -3150, 1604, 748, 2859, 4902, -6274
4997, -9264, 4017, -1397, -6279, 9665, 4962, -7118, -8408, -9310, 5372, 9448, -5926, -7599, -7915
9124, -4621, 9945, 5169, 7034, -9639, 5373, 7724, 3636, 585, 1821, 534, -2323, -2982, 9559
-3759, 516, -5235, -1353, -8716, 574, -9952, 5821, 3775, 6828, -9097, -5092, -3707, 8431, 4321
7346, -5810, -7436, 574, -321, -7892, -5105, -6563, -4845, 4950, 5293, 5357, 5181, -301, 6821
4964, 8628, -1532, 6213, 4845, -5426, -9892, 233, 7708, -6275, 1345, -6527, 8238, -2202, 427
-7967, -2835, -6826, -742, 1789, -9196, -3184, -4937, 4056, 6151, 6209, 2435, -8253, -1701, 7856
5542, -3045, 4515, 9268, 6056, -9380, -7688, -2760, -4964, -5211, 181, -3845, 4169, 5378, 8520
4406, 6396, 3869, -9994, 2275, -4127, -947, 550, 6972, -5215, 4443, -504, 4324, -5389, 5630
-9611, 902, -5210, -9152, 7348, -6905, -9868, 5371, 3413, 5776, -1817, -183, 7500, 812, 6673
-7797, -75, -5867, -6346, -9607, 7267, -5649, -7195, 1852, 1365, -2103, -7150, -6066, -3042, 6563
-4495, 1946, 4062, 6339, -8950, -3409, -7530, 5614, 348, -6002, 1891, -7723, -8665, 3502, -9356
7814, -1576, -2488, -7069, -8401, 7610, -8833, 5397, -4205, -9969, 2499, 5095, -3138, -1293, 3744
-8354, -2542, -1429, 3376, 5254, 6856, 8441, -213, -575, 6098, 6176, -1706, 2193, 9064, -1559
-4932, -2398, 8949, -2575, 284, -9822, 8736, -2465, 6062, 818, -7668, 7421, -4181, -4706, 7040
-219, -3519, 4866, 1016, 4248, 2035, 4017, 203, -7428, -4363, 8786, -4296, -6696, -4634, 3938
7934, 3189, 5853, -9120, 4063, -5974, -8687, 3509, -4460, -8390, -3305, -6075, -9325, -4883, 9995
-8221, 555, 9726, 9661, -933, -848, 6936, 4270, -7053, -9592, -781, 9036, -3009, -5138, -1675
7152, 6906, 2254, -8695, 5533, -7317, -7914, 606, 9035, -8185, 4396, 6740, -4216, 5594, 8656
-3975, -1240, 3266, 9454, -3063, -6841, -9652, 8438, -700, -9346, 7167, -525, 8360, -6115, 7896
-8775, -8640, -6170, 7932, 4107, 8192, -1435, 5166, -3688, 5610, 268, -6448, 3994, 4280, -2305
-8134, -7824, -2992, -1247, -8092, -8824, -1797, -6749, -1720, 7349, -2460, -9274, -9887, -3426, 9695
9068, 3435, 9892, 3412, -9965, -4240, -4869, 6247, 3491, -5117, -2444, 6341, -3462, -2185, -4684
8600, 5112, -4964, -3658, 8489, -7334, 800, 3488, 9520, -6876, -5128, 8573, -3634, -2230, 5961
-7277, 5164, -7978, 652, 8393, -4903, 8921, -8458, -4354, -9609, 32, -1018, -1156, -9188, 4590
-5071, -2576, -1253, -1313, -4954, 6928, -7313, 8886, 2956, 4396, -7679, -3852, -6133, 2714, -3090
1040, -5086, -4309, -3587, 7686, 3844, 78, 4125, -1199, 1683, 3150, -1800, -4050, -1623, 4938
602, -8396, 401, 9389, -4953, 7836, 5634, -6755, 6094, 1063, -2152, -345, -2092, -664, -7776
-4992, -351, -3417, 720, 4317, 2607, 2665, -1711, -5000, -9582, 8131, -415, 1434, -2649, -7021
-9281, 8015, -5461, 8457, -6411, 7405, 8126, 8256, 3913, -7005, 5378, 1505, -639, -234, -783
-2732, 6647, 6266, -5999, 2055, -3737, -76, 7177, -1735, -8291, -2347, -1015, -2226, -273, 9561
-956, 6556, -2459, 1900, 875, -8073, 4316, 5475, -7648, -6452, -9263, 242, -959, -4788, 5673
-2888, 5069, 8740, 2996, 4034, -7062, -5345, -5027, 2358, -3523, -4169, -7557, -2625, 292, -2906
3737, -1305, 5278, 5670, -8885, 7320, 9349, -8252, 7577, -132, -6351, 8700, -1829, -9938, -5703
1557, 3680, 9389, -5433, -660, -8184, -6800, 5705, 1627, 9561, 9966, 4422, 8495, -3506, 4203
-9250, -5482, -4013, 5415, 6218, 6783, 9719, -1936, 4192, -5825, 1414, 9962, -2733, 5388, 4566
409, 8453, -3766, -4260, -6460, -1485, -7298, -6817, -2108, 3011, 9452, -4678, -6563, 5026, 486
-4180, -2375, 5395, 375, -2693, 1654, -9645, -2532, -6908, -6985, -6047, 2327, 1177, -5311, 3878
5393, 760, 6723, -3303, 9865, 9082, 8529, 6667, 4269, -1483, -856, 8595, -1503, 8664, -8875
-4189, -2369, -3513, 2046, 5012, -2430, -6730, -2469, -2589, 7771, -6158, 6567, -6473, 8760, 3347
-926, -223, 2084, -9560, -2188, 6155, 6713, 9417, -9609, 8290, -1350, -5451, 5184, -8030, 4552
-5693, 4948, -4363, 8954, 7198, -915, 9040, -9227, -6239, -8561, -4722, -5611, -2608, 8131, 8859
-3109, -326, 2808, -5696, 7477, -3377, -8016, 1687, -4322, 5064, -7517, -2230, -4931, -5225, 5210
-7405, -6037, -1872, -5170, -8645, 3004, 2032, -7180, 4894, 6377, -4006, 45, -9921, -8111, 1219
-2000, -6695, 9117, 8574, 9196, 4003, -308, -2033, 8882, -3621, 3409, 8776, -7352, 9662, -6935
-2748, -239, -7314, -5610, -9080, -9630, -3833, 9737, 2692, -363, -3845, -9219, -4801, 6311, 5994
6006, -6737, 815, -8110, -984, 1514, 808, 5342, -8267, 9791, -4896, -2310, 6683, 3781, -339
3316, -2504, -8041, 953, 7848, -7499, -6904, -5031, -4824, -6796, 5419, -5536, -4129, 3641, -9649
4325, -8842, 9252, 1594, 9952, -4972, 7678, 6414, -5035, -6222, -8568, -1399, 8031, -571, -7797
5537, -1973, 9621, -4650, -9082, 1606, -7465, 449, 6241, 6472, 5259, -1279, -1328, 3159, -4300
-495, 4122, -196, -9674, 2534, 4491, -169, 4880, 5840, 9181, 6730, 4483, 932, 2094, -5079
-7815, 7031, 8699, -5510, -3442, 2343, -3277, 6172, -5194, 7542, 9470, -9430, 6656, 2310, -1363
-6085, 5024, -6641, -9531, 602, 6059, 7450, 4775, -7646, -8098, 5509, 89, -7996, -5479, -3817
4927, 3327, 3445, 7632, -8263, 4165, 7767, -8783, 28, 6244, 6279, 1050, -6303, 3482, 51
5686, -6964, -2398, -2605, 4500, -3417, -8344, -8127, 6753, 3513, -6664, 6645, -5546, 2680, -6564
-9533, 1284, -8601, -9132, -5341, 537, -4244, -5897, 3354, 8958, -9797, 2270, 9686, -5735, 2659
6451, 5595, 4575, -3375, -9387, -4467, -605, -4313, 2972, 7856, -3396, 7892, -2375, -4951, 6147
8207, -1334, -9668, 2064, -175, -5722, -1279, 6352, -7331, -279, 4382, 2281, 3483, -4134, -5707
8300, -224, -7628, -9931, -4763, 3593, 6574, -1377, 8845, -9073, -9279, -8849, 4173, -4668, -3048
-8307, 3311, 7799, -9117, 6320, -9721, -1980, 8198, -1977, -1534, 7866, 5159, 487, -1293, 4246
-3217, 9229, 8035, 748, 5297, 7959, -8942, 7702, 5783, 9591, -7778, 3037, 1255, 6582, 2868
-8057, 1895, 4385, -229, -7927, 8236, 922, -7525, -3193, 9578, 3, -9230, -4566, 9134, -9081
3197, -6680, -6102, -571, 3893, 3638, -5060, -743, -8574, -4546, -1439, 9322, -1884, -3998, 181
4150, -5712, -4879, 2518, 8994, -9461, 6572, -193, 5699, 5854, 5799, 7834, 7671, 3508, 735
5896, -6248, -6797, 6589, 6058, -7919, 7347, 9015, -2911, 7903, -7435, 3101, -7476, -9721, -8283
-9254, -132, -2608, -7439, 147, -6412, 3969, -6490, 6593, -3819, 9479, 1377, -6592, -4564, 450
4464, -8839, 8641, -3059, 1794, 4972, 6524, 9326, 9380, -7487, -7874, -1973, 3397, -1168, -8986
-7829, 2660, -3328, 3612, -4558, 3298, 4554, 5458, -6395, 4305, 3037, 9436, -5033, -9069, 282
8066, -2263, -8353, -36, 5531, -6407, 9257, 1682, 3985, -4928, 2291, -7448, 132, -5539, -9261
-7861, -1123, -2756, 2501, -9909, -6439, 6839, 413, 9875, -5350, -8201, 3838, 3337, -5300, 9067
2584, 7344, -9738, -9777, -5201, -5368, 5110, 4564, 8219, -4681, -4448, 528, 8338, 678, -9574
-9489, -6427, 7191, -13, 3881, 7858, 3480, 6949, -6686, 8338, 6494, 3439, -1549, 2034, -7785
4372, 2186, 45, 5309, -3768, 3815, -7958, -8805, -2497, 4370, -9934, 9084, 2135, -974, 2714
-4551, 1278, -1110, -6233, -8082, 5469, -1096, -9852, -9382, 155, -7644, 9641, -4383, -3947, 8071
8867, 7587, 4860, -7731, -2793, -1544, 1497, 7739, -1375, 4632, -9159, 4276, -736, -7001, 8363
6634, -6869, -290, 3414, -3645, 8333, -3014, 4451, -6111, 9941, -7486, -7348, 3281, -4585, 8827
4549, -8722, -9380, 6751, -1618, 8338, 1435, -4461, -580, 6926, -4721, 7055, 9972, 2425, 1015
-4854, 3915, 1897, -9501, -7622, -5912, -2957, -6737, 6252, -5259, 1913, 6555, 1780, 1435, -2208
4215, -3778, 3839, -2397, -3071, 3165, -9667, 93, -9430, 9971, -6851, 1563, -9312, 9421, -6446
7853, -5505, 2133, -5927, -8668, 4617, -5467, -1174, -5383, 982, -6814, -3303, -6843, -3483, -6767
4151, 2214, -3195, -254, -2120, -4204, 4684, 3531, 2226, 6561, 5364, 2097, 5915, 1253, 354
-9315, -1308, 624, 2132, 8521, 3042, -538, 5896, 5227, -1698, -9448, -7041, 529, 8565, 1575
4432, 2936, -5419, 1915, -7421, 345, -1813, -5530, -6472, 6019, 6817, 3807, 8922, 5478, 2150
4770, -3343, -6392, -5080, 5399, -740, 7519, -1797, 1380, -1308, 108, 6852, -7124, 1518, -1711
-6818, -7593, -7774, 7376, -6626, -6373, -6135, 9184, -5680, 9744, -7804, -5969, -2526, -9058, 4267
-1697, -7700, 8244, 427, 7568, 3136, 5298, -9570, -7164, -4127, -6510, 3562, 175, 3505, 7001
-9111, 5140, -404, 9895, 249, 3409, 8068, 6712, -9261, -474, 6254, 3908, -8925, -6308, 8612
-3427, 9286, -4108, 8549, 9212, 1688, 1732, 8046, -4958, -1475, 5134, 5297, -3612, -3151, 5394
5457, -7786, -4062, 2460, 1659, 7922, -6608, 1944, 9162, 5618, 7041, 6136, 4545, -2629, -9865
471, -2372, 3192, 9315, -5919, -2320, 5490, 3171, -1953, -6441, 2915, 3132, -9703, 1947, -74
5718, -4854, 7937, -3160, 2902, 8491, -7317, -433, -7434, 1220, 324, -326, 9473, 3516, 5953
-9172, -5155, 2224, 9408, 4858, 5480, -8767, 1126, -8042, -7024, -2360, -8702, 5392, -2469, 3901
-6457, -7496, 3828, 6572, -1195, -5716, -3550, -2782, 1478, -5754, -4638, 9755, -7541, -8737, 602
4088, 7293, -1092, 139, 4741, 3301, 38, 7959, 7716, -2781, -3691, 994, -7577, -1168, -9573
2442, 9350, 5408, 8852, 5575, -3783, -1305, -2746, 8425, -2791, -4886, 4810, -2673, 8376, -7502
3807, 3651, -1851, 6436, 4347, -5680, 9308, 8032, -5543, -733, 6833, -5648, 6715, 5192, 4409
8885, -1552, -2428, 933, 9369, -1103, -8877, -2359, -496, 3860, -4736, -5422, 3363, 5939, -8828
-3093, 7869, -695, -9557, 4577, -3986, -5040, -2980, 1833, 4165, -4084, 9439, -7867, -1365, 8326
-1544, -8640, -1115, -2478, -4572, -909, 2969, 1693, 8923, 7051, 2588, -4205, 4685, 5621, -76
-8367, 3883, 1084, 938, -8324, 9890, -5963, 6767, 2553, -6096, 8936, -5763, 6206, -9231, -6403
6701, -6257, -6215, -3481, 6689, -9028, 2535, 8421, 8116, 2513, -2093, 9297, -1533, 2866, 2990
8948, 1866, -4313, -9677, 8276, 7032, -4251, 2195, -9161, 3927, 7932, -8583, 765, -9421, -9605
9697, 8516, 4268, 2351, 4169, 6474, 8941, -995, -2368, 7058, -2330, 6633, -4184, -3580, -188
-3472, -7269, -3843, 9340, -1913, -3279, 4252, -861, 2368, 2288, -2616, -8475, 5210, 8382, 2128
8184, 1831, -3269, 7056, -3536, -4733, -5371, -8136, 3427, -2674, -3587, -2220, -8296, -729, 1916
3626, 4300, -8958, 8835, 3239, 9622, 5850, 3939, 8788, -3053, 7583, -6198, 2996, -5790, -6541
5879, 355, -7578, -7307, -4275, 9597, -3224, 5561, -596, 41, -9559, 2697, -9481, 6886, 1809
-7299, -5864, -880, 3526, 4236, 5236, -1134, -1657, -1202, 9291, -1444, -8791, 1240, -1581, 4314
-1369, 521, -7459, -8757, -2170, -9090, 4006, -8870, 5263, -196, -5245, -1094, -221, -4159, 6805
-2377, -8318, 6595, -2054, 4864, 8564, -7700, 2999, 7470, 6902, 5091, -1113, -104, -8174, 7609
7981, -4878, 2821, 8714, 8184, -5208, 1622, 420, 1273, -2822, 2161, 969, -3779, 699, -578
-191, -2648, 5430, 6128, -2941, -6974, 1550, 8004, -871, 1905, -2594, -4395, 7111, 7527, 4607
-1607, 1246, 4953, -5231, 4307, 2165, 4046, 4095, 5060, -841, 2187, -8549, -2577, 4893, 8742
536, -142, -2541, 2816, 4703, 4160, -3026, -8476, 2026, 6754, -9048, 9710, 2804, -65, -6836
-3547, -1360, 333, 6490, 4252, 4438, -6196, 8443, -983, 235, -8121, 5725, 9884, 3148, 7120
9594, 1266, -5170, -2519, -4961, -4863, -9720, -952, 8458, -7254, 9638, -1139, 5940, -1113, -9344
-8729, -9920, 3846, 9951, -4482, 21, -8748, -2783, 3196, -4218, 5469, 969, 6008, -3932, -9416
5317, -7619, 3638, -8203, 9154, 7737, -115, -6256, 6815, 1865, -7186, 606, 2953, 8129, -1963
4857, -4189, -5101, -1981, -2004, 6677, 2671, 8121, 4584, 1275, -149, 99, 1326, 6702, -6806
-4096, 2965, -7828, -7349, -9519, -7153, 2221, 9564, 3107, 2642, 9223, 9989, 199, 5017, 6752
-2617, -8850, -292, -467, 9066, -8589, -4171, 4686, 5419, 5817, -4830, -6836, 4958, -1042, -9811
-8149, 8181, 2524, 1120, -2746, 6495, -4928, -1625, -9629, -8578, 428, -3371, -6496, -102, 0
-6929, -8206, -19, 624, -3922, 7584, 6004, 171, -8892, -8087, 706, -5240, 5055, -3630, -6862
-1617, 889, 7453, -4883, -6903, -5437, 3355, 6826, 1463, -2773, 3230, -657, 3879, -925, 4114
-3206, 4653, 4039, 3072, -3212, 1099, -5124, -3625, 2196, 4234, 46, -5140, -7824, -3894, 4148
4275, -8120, -1244, -2827, -9982, -9652, 4577, 8027, -2318, -8623, -170, -6395, -2680, 1481, 1868
3589, 6451, 9243, -4366, -8055, -53, -8567, -694, -7769, -5863, -1294, -9645, 8012, -2523, 3444
6635, -5742, 7805, -2842, -8598, 867, 7511, 7508, 9854, 5675, -4718, -1399, -1534, 7180, 6065
-8144, 5684, 954, -731, 5788, -4883, 4073, 6674, -2897, 9045, -1809, -4638, 6842, -7257, 257
-9027, 626, 1374, -5428, 3458, -6170, -6358, -5552, -4167, -1288, -6181, 1323, 6237, 4557, 4202
7643, 6219, 7655, 4447, -810, 3578, -9113, -3943, -7910, 2156, 8919, -9279, 8234, 4863, 1311
1735, 3444, -5913, 4295, 8650, 8002, -5089, 941, -1302, -8751, 7273, 189, 7683, 1838, -393
-515, -8638, 5481, -5336, 1031, 3027, -7422, -2457, -1367, 9849, 577, -7583, 2818, -3863, -544
262, 636, -8038, 9207, 427, -5172, -9010, -4531, 7424, 1865, 2618, 3881, -8918, -4796, -7784
-170, -3876, -9602, 319, -1833, 5998, 3848, -963, -1467, 9601, 3748, 4784, 1893, 8048, 8569
4861, 8924, -5450, -8363, -273, 9601, -3236, 7584, 163, -1126, -7292, 3220, 5208, 9867, 7770
-9417, 8460, 3241, -8047, -9703, -6999, -4596, -4855, 2375, 3598, 5069, -7871, 5598, -8306, 9974
4382, 4153, 6732, 3603, -1, 1203, -9221, 5004, -5766, -2567, 5737, 3253, -4433, -9135, 2518
4998, 4161, 6166, -5028, 4464, 2806, -1457, 3093, 9216, 4902, 5709, 3427, -2654, -8014, -2566
-8385, -9405, 9829, -9061, 7286, -6691, 4657, 6431, -5157, 1671, 8360, 9093, -9169, 979, -1477
-7922, 6893, 856, -8105, -5425, 7699, 77, 6549, -2597, 157, 9187, 6402, -8357, -8792, -9840
4221, -6551, -5934, 9737, -8473, 7207, 7756, 9684, -229, 2985, 873, 4794, -9507, 5867, 1332
-1332, -956, -3519, 1988, 3056, -7492, -4265, 7959, -8648, -2299, 2947, 2066, -9910, 8320, 3061
7572, -6206, -9419, -206, 1421, 9826, -8556, -3799, 5138, -8135, -1009, -8859, -5691, 6990, 871
6468, 5274, 2043, -7342, -803, 6689, 707, -9063, -9368, 140, 9640, 867, -6494, -7260, -1792
9360, -6650, -9903, 1060, 9745, -9333, 100, 6271, 8364, 2887, -174, 8179, 9123, -5523, -3298
-127, 229, -8125, -8509, 3863, -3288, -494, -1508, 2691, 2959, 7608, 1717, -1530, 5905, 8910
2508, -3802, -496, -4310, 4047, -3311, -4414, -7482, 1857, -6267, -5860, -4404, 611, 3581, -8718
8023, -4870, -9732, 8308, -2046, 2538, 2980, 6544, 2483, -1958, 5532, 3542, -5011, -3019, -4894
9647, 3861, -410, -9761, 7682, 8729, 6814, -467, 1265, -3188, -6710, -2951, 8212, -9725, -4098
-2396, -4897, 1448, 7474, -3810, -8386, 8176, 6116, -6630, 9873, -6469, 8288, -5817, -7995, -5071
-5128, 802, 1749, -5657, -8470, -7360, -6469, 5542, -8263, 8330, -735, -9181, -1310, 6360, 4596
-7045, -2571, -2152, 7943, -8993, 7188, 2394, 9400, -5869, -6887, 3807, 7997, -3060, 7659, -5647
6604, 3131, -5705, 6882, 4788, -1512, 1368, 8705, -2298, -4983, -5251, -1466, 458, 364, -8340
-1287, -5177, 2704, -7425, -3169, 5553, -5375, 3628, -6189, -6802, -3089, 3549, -3828, -9878, -7198
4929, -4390, 8142, -3811, -1984, -2958, 4791, -9384, -9442, -1383, 6136, 9244, 1843, 8945, -5622
-1396, -3804, -8990, 6201, -2228, 3350, -7735, 336, -8806, 88, -5245, -7403, -1364, -283, -9052
-2588, 4823, -9598, -8852, 4341, 7815, 4119, 1160, -556, 9826, -7871, 5533, 8154, -3921, -1480
563, 9823, 5501, -7574, -7926, 6067, -3343, -4120, 721, 6089, 4774, 4235, -9313, -9615, -3216
-487, -4040, -9052, -1209, 6303, 8530, -934, 8588, -4394, -3817, -16, 3930, 7644, -5226, 8902
6469, 6381, 5064, 1387, 488, 6594, -3584, 7310, 2742, 1077, -8966, -6406, -1992, 4362, -1055
6763, 3295, -1720, 6628, 5583, 6257, -4007, 8168, -9982, -8346, 5125, 4221, 9641, 1448, 8357
-6474, -6720, -7050, 9997, 1998, -2731, 6502, -1013, -8682, -4038, 2312, -1660, 1815, 178, 5628
-4219, -4181, 1057, 6369, 8325, 785, -3846, 7737, -2325, -6434, 8080, -2135, -5346, -9774, 3916
4529, -1752, -7666, 2381, -6833, 6464, 2816, -2023, 2361, 6421, -5340, -6037, 6168, 6534, -4119
-9850, -871, -1341, -8698, 1069, -8020, 921, -3029, -9162, 4941, -3476, -312, 4901, 977, -6007
-1114, 3808, -6722, 1560, -6275, 3150, 1398, -317, 3942, -4615, 1002, 8347, 1684, 6904, 6047
-5876, -7914, -2820, -6302, -266, 3910, 5654, 4377, -4562, -2871, 9731, -4906, 8653, -3622, 7364
4821, -8453, 4336, 8460, -5268, -4827, 2701, 7648, 3546, 9002, 5014, 6907, 1326, -5911, 4482
8924, 7329, 1970, 8641, -284, 8275, 5235, -6205, -303, 3147, -4779, -2967, 3929, -8112, -2125
3212, -7581, -6245, 7252, -7352, 8089, 1895, 2303, 8575, 5493, -1467, 5336, -3353, 7167, 2240
-2399, 2441, -762, -7283, 8891, 1298, -569, -5105, -9669, 7973, 5450, -5526, 3047, -4978, -1052
1491, 9261, -3252, 6820, 4696, 2912, -4473, 9951, -8067, 6415, -5184, -2174, -6803, 7475, 956
-4285, -7904, -4327, 682, -5403, -1246, -765, -2313, -3335, -3583, -7356, 9945, -5037, 6309, 3476
-4353, 5948, -4469, 3826, -493, -6189, -3103, -3286, -7215, -7636, 3639, 1100, 6602, 8414, -2827
2889, 9239, -8266, 7961, 1633, -3122, -2775, 91, 5259, 8525, -8270, 3481, -6535, -616, 6836
-6931, -1885, 1386, -502, 831, -9109, 8304, -2585, -2139, 8072, -8551, -574, -8667, 1797, 1401
-3812, -7653, -8298, -7751, 6796, 1899, -5124, 9754, -2129, -8565, 8020, 4485, 2247, 3631, -3409
-4698, -6386, -5663, 3684, -7888, -4015, 4894, -5640, -9859, -6512, 5173, -4169, -8912, 4037, 6614
-9253, -6706, 9977, -7032, 2162, 2208, -3761, 3280, 533, 674, 1279, 8981, 3513, -9308, -6677
-6042, -8298, -2078, 8085, 2847, 4005, -6834, 3992, 6115, 8538, -2482, -8720, 6464, 4965, 4274
-5785, 2957, -8909, -3039, 6408, 1928, 4578, -5118, 3816, 1959, 3195, -2349, -5515, -7539, 6492
-8154, -2310, 7030, 4219, 1625, 2440, -2556, -6765, -7922, 604, 3991, -3529, -2086, -3682, -3087
-7073, 1170, 8520, 5251, -9877, -2388, -4381, -3004, -1639, 5556, 9063, -8654, 4582, 7982, -1063
7278, -6982, 5600, -9878, -2341, -3016, 1904, 3342, -6080, -6024, 2016, -8777, 7851, -9647, -3390
651, -6092, 4603, 2083, 3634, -8824, 2346, -6448, 8127, 3910, -300, 3217, 5978, 9975, 5721
7022, -2894, -3668, 4731, 384, 9134, -6513, -7810, -6996, 6305, 3868, -7343, 4907, -5999, 4351
1252, 317, -8705, -2960, 6688, -9476, -4324, 266, 7516, 848, -522, 9162, 3342, -6468, -8336
9176, -1647, 542, -3536, -7094, 5624, -7634, 9958, -7310, 2579, -6316, -4020, 6387, 8349, -1230
-4892, -1954, 9359, -8788, 4715, 904, 2694, -1810, 7270, 2019, 5887, 5786, 4275, 7469, -3957
2996, -8160, 2965, -2993, 7090, -8692, 921, 555, -6985, -7511, -2572, -6536, 9245, 6674, 5505
-9326, -6653, -3980, -7268, -5907, -5487, 7988, -8546, -4268, -9335, -2090, 9692, -1505, -9079, 6162
-3910, 7548, -9816, 7426, -8668, 2981, 6306, 8340, 6925, -8941, -5567, 2296, 6621, -3536, 8735
-2974, 4320, 8579, -1304, -2951, -3505, 1443, 7641, -871, 2826, -539, 4948, 7033, -9888, -1314
5063, 5008, -435, 4050, -9256, -7384, 7947, -912, -5463, 2016, 3847, -2189, -4884, 4222, 4252
-363, 7890, 3087, -3605, -5119, -2129, 3375, 7944, 4676, -6736, 1337, 6206, -9631, 1213, -831
-5278, 6719, 8692, -2852, 2049, -4952, -5667, -5605, 1790, 6486, -6029, 8006, 1751, -2400, 6571
-1304, 7048, -3763, 1942, 5536, 6468, 9768, -7144, -4636, 7934, -6480, -2335, -548, -7212, -2880
-481, -892, -4088, 3004, -6014, -4914, -6159, 9209, 9654, 2399, -7349, 9634, 1828, -9310, -5174
14, -8902, 9237, 1013, 8838, 9724, -4556, 1517, 796, 6351, 5664, -4166, 7160, -1272, 5295
-5613, 1870, -4922, -5400, 2668, -8852, 6266, 2996, 2249, -6815, 1580, 1472, 4269, 491, -757
9317, 6212, -9615, -1405, 5532, -8359, -8129, 3213, 3781, -2214, -8825, -633, -5621, 5067, 5621
-7489, 7660, -8844, -9738, -6565, -6916, -9538, 6619, -9153, -4311, -408, 3009, 4149, 8488, 6674
-9211, -587, -5530, 9376, -2724, 8745, 5455, -3706, -3636, -2153, 5003, 2377, 9297, 844, -7859
140, 5743, 4261, -7548, 3185, -3111, -999, 7940, -2813, -5091, 2722, 6636, 2799, -2597, 8820
4689, -7171, 802, -9895, 7064, -6324, -3005, -698, -9868, 3503, -5792, 8746, 9322, 9157, -6285
7546, -4383, 1410, -8617, 6015, -5473, -6025, -5952, 1561, -9229, -5805, 6856, 3320, 2059, 7706
9893, 5618, -7552, -2774, 7977, 6410, -3120, -8987, 9715, -9591, -7277, 8560, 7376, 3289, 3820
7557, -5167, 6739, -9507, 8932, 9058, 4690, -5590, -6252, -923, -259, -9997, 1721, 393, -2836
-1634, -9414, -3007, -914, -6389, 8903, 203, 1708, -9635, 786, -8215, 1235, 8446, 8033, -3836
-4410, 4693, -2116, -2887, -1300, 4722, -6603, 6950, -725, 8236, -3174, -3302, 5052, 3059, 9841
8527, -6908, -4410, 4062, -2158, -9379, -1293, -3120, -8403, 8371, -1766, -8586, -9269, -7705, 6845
5145, 8335, 5502, 7435, -7626, -7564, 9339, -5259, -9412, -5146, -2372, 196, -4494, -957, 3467
1186, 8953, 9257, 7364, -4702, 5791, -9741, 8603, -2732, 7920, 5208, 1566, -3831, -3633, 5727
-7862, -3886, -769, -7861, 291, -7399, 2458, -7563, -3419, 4890, -1695, 8885, 222, 9717, -6818
6160, -8739, 7701, 4786, 7467, -2002, 6605, -6383, -2098, 5630, 3795, -4428, -2879, -6536, 8944
175, -6308, -3634, -5449, -1010, -2221, -65, 8581, 4806, -507, 2201, 8803, -2654, -9298, -240
-7881, -6377, -2640, 1684, 5089, -5427, 4197, -5472, 3039, -6910, 624, -2980, -7496, 7437, -6420
-9996, 7676, -3346, 5821, 3456, 8197, -4476, -1708, -5244, 8200, -6045, -4430, 4972, 1234, 9635
8972, -4122, 8624, -4340, 5027, -616, 9176, -1255, -1448, 3186, -8250, 8306, 9145, 8670, 5144
-7008, 2653, -842, 5112, -7625, 1591, -5451, 9634, -1081, 5559, -4262, 9770, 496, -6532, 5623
7936, 6245, -4184, 9615, -4776, -7265, -6915, -7571, -4535, 2760, 4152, -6209, -6402, 8535, 6006
7347, 999, -883, -2139, -5532, -8859, 5849, -7370, -7855, -1331, -3518, 6397, 5272, 8500, -2323
-5829, -5043, -4464, 4303, 8169, -3355, -6599, 649, 3044, -3519, -5768, 4388, 3209, 868, -8820
5357, 4146, 566, -172, -4528, -8928, -6138, 8893, -7882, -7647, 1925, -7379, 9476, -2431, 5933
-1280, 5442, 8691, -2669, 472, -1374, -2644, 9079, -9145, 7222, -4975, 4704, -9089, -4303, -9003
6985, -3585, 9968, -5358, -5043, 5773, 8638, 3512, 2150, -2067, 2774, 8494, -3931, 8039, 2846
1788, -5230, 2599, -2054, 2884, 9154, -4602, -9192, 6542, 3212, -8794, -1172, -2143, -9043, 2202
-6266, -7732, 9056, 9030, -4380, 8573, 3015, -7454, -9383, -4526, 228, 2139, -9107, -5590, 9527
7020, -3219, 1831, 273, -6557, 6356, -4161, 7303, -6096, -5217, 9139, -9682, 222, 5274, -2893
-9518, -554, -3265, -8578, -9223, -3977, 3738, 6774, 5955, 9872, -510, 5586, 8601, -976, -6484
-7730, -6732, -8592, 6100, -8820, 4928, -846, 2906, 5775, 4854, 2160, -8519, 7509, -9407, 5334
9485, 3570, -578, -7826, -8947, -7044, -5003, 3887, 3321, 8306, -4623, 4060, -2649, 6267, -7047
6105, -2645, -3916, -8046, -6609, 7564, -4508, 3516, 6511, -716, -2933, -2991, -9230, 432, -6046
-1134, 8177, 6913, 2002, -1482, -5997, 5692, -2540, 908, -8077, -3189, 8346, 8996, -903, -8917
801, 3104, -3753, -7658, 1364, -8183, -5937, -4735, 6658, 7852, -8031, -3843, -154, -6115, -536
768, 9028, -7990, 946, -7238, -4485, -7152, -2275, 3141, 5232, 7566, -924, -4501, 2391, -5909
8289, -4603, 3550, 7018, -7515, -5702, 7265, 511, -353, -1934, -6919, -1621, 5883, 256, 2770
5818, 6415, 8318, 8185, -8306, -9453, 6521, -2845, -1265, 7103, -6327, -4445, -4114, -8059, 480
-3814, 6101, -2908, 3978, -9419, -1798, -3711, 895, 4371, 7712, 1353, 7886, -980, 3275, -1919
7920, -2499, 2141, -314, 9524, -2279, -5018, -2719, 4531, -5564, -2993, 6775, -8147, 2810, 5813
-4228, -4759, -1236, 6175, -997, 7725, 8524, -471, -4448, 6684, 2581, -2374, -2513, 9935, 5950
-6894, 1437, 6548, -8319, -5323, -889, 1598, -5910, 8468, 1625, -2730, -4610, 1739, -8052, -1363
8314, 1655, -5493, -5436, 2620, 736, -9416, 78, -8204, -9487, -5224, -1395, -7944, -4649, 4886
6534, -6750, -442, 9181, 2081, -1237, 4781, 9339, -7713, 5220, -7937, 4506, -2784, -4199, 1617
-1040, -7551, 8515, 9975, -6187, 5843, 8240, -4199, -3544, 3705, -6594, 8412, -2645, -6491, -1729
6701, -7977, -2526, 5017, 9099, -1503, 8323, 2680, 1603, -6521, 8640, 2736, -9222, 9003, 8285
1789, 2274, 919, -954, 1132, 3102, -8008, -9174, 8340, 5286, 6755, -7312, 8866, -50, -5510
-97, -580, 9624, 5539, 81, 2212, 9750, -7487, 2586, 922, -6453, -5937, 4123, 343, -9731
1041, -4622, -972, -9688, 9363, 3378, 3585, -2877, 5697, -9282, -6577, -4071, 504, -2283, -5524
9062, -4010, -3246, -6773, -5514, -3486, -629, -3292, -6160, -3062, -5036, 9134, -5720, -3032, 8722
2384, -7355, -8230, 6407, -2683, -4635, -6460, -831, -7056, -4803, -1966, 6042, -4061, -518, 2286
7918, -964, 3152, 781, 1110, -9765, -3810, 9582, -8211, 6724, -7711, -7511, 1398, -3892, 8214
-7354, -6556, 7458, 5842, -292, -2437, -6864, 3685, -865, 3206, 1041, 3900, 2739, -6776, 466
2535, 1209, -1501, 4250, 2416, -8783, -3837, 8460, 9552, 8901, -1628, 1696, 8795, 647, 3589
-1586, -2823, -4041, 9625, 6944, 5709, 685, -3219, 3808, -6493, 6976, 7998, -4018, 6477, -6672
-6504, 8206, -1257, 2628, -3640, 2259, 3318, -4881, -3610, -1133, -3487, -4696, 4888, 2576, -753
80, -3570, -5143, -6596, -7153, 138, -1836, 9781, 568, -8432, -7126, 8743, -4316, -4281, 4287
1561, -4592, 7728, 6631, -9674, 6389, -614, 8833, -8556, -9659, -5140, -7638, -5727, 673, 7817
3299, 3858, -3449, -4748, -7790, 6870, 7808, 3235, -2126, -8448, 4267, -9614, 7397, -1963, 7054
1956, -9887, 541, -4946, 2199, -1497, -4699, 7027, -2868, 9508, 794, -2741, -1265, 3169, -2756
-3615, -3086, 6123, -5778, -3720, -6923, -1018, 1804, -3083, -4224, -7435, -930, -7340, -9197, -5502
8376, -8481, -6920, 2999, -9870, -3928, 8257, 5323, 2524, -8178, 1369, 2169, -9076, 948, -4756
-4319, -6098, -889, -6665, -3251, 632, -2425, 1827, 9113, 3870, -3551, -9773, 6496, 7750, -1918
-2205, -9066, 8033, -6044, -2476, -2282, 3555, 4474, -5905, -9330, -3739, 8283, 8488, 9435, 2862
3470, 3795, 3026, 1539, -3116, -8440, 9091, -531, -7368, 8654, -5763, -5675, -9254, 3725, -7945
-1298, 4263, -6993, -2579, 7576, -5483, 1901, 9178, -1000, 1204, -484, 2377, 8539, -5385, 6367
-5679, 1055, -2734, 7995, 8229, 4371, -2237, 1352, 2748, 7435, 6770, -3919, -7085, 2331, 5399
9996, -5280, -6557, 374, 2031, 491, -6322, -312, 3172, -3616, 2083, 9299, -3613, -1124, 1139
8522, -687, -3217, -2334, 1337, -331, 3171, 2244, 2929, -8077, -4682, 8977, 9704, 732, -9207
-2820, 3840, -5678, -8532, 4314, 8486, -3305, 8084, -7106, -8784, 3676, 2080, 7454, 1243, -945
-2013, 4856, 8931, 3840, 3019, 9894, 5745, -4595, -7523, 8674, -9899, 5574, -365, 1783, -1717
-4545, 3309, 7739, 4431, -5455, -5083, -3311, 5398, 1650, -5349, -8351, 3477, 5511, -70, -9915
-661, 846, 5004, -8400, 8810, -4759, -8074, 4711, 878, 348, -458, 5097, -1655, -7505, 1769
-5225, -448, -4498, 3477, 5263, -800, 6142, 6444, 2359, -6347, 7177, 5477, -439, 8657, 3465
-7008, 6885, 1022, 5348, 7432, 6477, 5911, 9139, 7928, 8086, 938, -8251, -6576, 3067, 7296
-4128, 6888, 5017, 3543, -6961, 6327, -3897, 376, 503, -5601, 9388, 4248, 6485, 3267, -7025
8449, 6973, -7064, 2909, -4214, -9963, -6482, 2389, 1513, -2649, 9910, 1082, 9140, -2869, -9340
-7878, -1, 8988, 2457, -7128, 74, 2954, -9619, -6609, 4414, -5541, -4137, -3596, 3576, -1753
8735, 1349, -346, 2690, 5560, -4018, -195, -5682, 9856, -5501, 7068, 2177, -7888, 4146, -7191
1305, 4553, -9692, -9682, -786, 6199, -8269, 4830, 2243, 1785, 2224, -9481, 4345, -1431, 7225
1548, -9341, 2689, 2957, -8639, 3873, 1849, 3995, 4991, -5424, -8121, -7770, -8223, -2755, -6291
6708, 8892, 2928, -175, -7650, -8408, 6510, -949, -6958, -5382, 5898, -2868, 7178, -2617, 4161
6374, -174, 9721, 6435, 7819, -3428, 882, -5605, -594, -3940, -1232, -2402, -6049, 2294, -7482
-1944, -7318, -1023, -9992, 4420, 1249, -878, 902, 8966, -2894, 8775, 6223, 2169, 9693, -7739
728, -5049, 7310, -394, 5844, 9349, -8575, 6393, 4598, -9405, -6412, -5622, 6512, -1177, 7451
-8595, -1015, 3263, 2258, -5118, -5283, -9434, 7308, 3543, 8861, 8494, 7202, -8510, 1961, 5977
7127, -6346, -65, 4560, -6787, 5926, -8695, 5071, 1186, -5118, -3108, -2223, 4944, 4082, 6306
-771, -7532, -7996, 9127, 8573, -7249, 6700, -8059, 5377, 424, -9522, -2038, -7652, 823, -7540
-6561, 7021, 2610, 2188, 6916, 3294, -8275, -4236, 5657, -4656, -8879, 9782, 4886, -1843, 2604
1595, -7616, -5808, -5695, 3923, 9897, -17, -7554, 4797, 8845, -259, 9833, -476, 8782, 8550
-1919, -7815, -1312, -9993, 8900, 6912, 7690, -1173, -8155, 7024, -1666, -3904, -1682, 5833, -3354
6485, -9090, 2849, 1435, -4234, -9753, 4965, -1645, -9799, -3792, -8241, 2447, -1413, 9106, 6333
8354, -2306, -3501, -1058, 3418, 2096, -9209, 1153, -6986, -4727, 2831, 5926, 6046, 2257, -609
9602, -9643, -3563, -3451, 4033, 6710, 3559, 7092, -6401, -9826, 5052, -441, 3064, -9676, 1979
-1019, -2253, 868, -3206, 1469, 530, 6855, -5090, -5873, -7119, -4987, 1038, 4890, 1146, -8556
-3088, -9169, 9150, -8629, 796, 4221, 1674, 1322, -5925, 3740, -6382, 9006, 47, 7762, -5858
-3393, 3008, -336, 132, -3754, 7577, -4266, 5931, 2051, -6981, -8841, 5347, 2891, -4638, -8426
-3272, 185, -1734, -7401, 8696, 4672, -4965, 2827, 3431, 194, -4471, -9672, -5599, -2744, -3632
6089, -6110, -8138, 2597, 7686, -5616, 371, -3780, -7065, -4181, -7244, 7352, -4000, 9915, -8118
-4746, -2032, 1489, 9447, -4543, 3371, 3799, 2594, 446, -9774, -9244, -7694, -7440, 4877, 1933
-6978, 9948, -371, 1984, 3395, -3316, -6013, -5709, 2545, -3350, -4527, -1926, -1239, 1759, -4683
2317, -2209, -2581, 3635, -7594, 3741, -60, 6790, -8140, 5258, 8809, 9795, -1458, -4115, 7813
-5405, -8819, -7288, 6541, 1292, 8895, 5421, 8891, 955, -2051, -2555, 4010, 1581, -3304, -8740
-7660, -1248, -8224, -1833, 4643, -5021, 1302, 7414, -875, 1054, 769, -5196, -8895, 4264, 5961
-5792, 556, -8219, -3137, 6385, 9439, -307, 5328, -7455, -4709, -7301, -1788, -9521, -3980, -1468
5050, -821, 7727, -7199, 2402, -4643, -1546, -2238, 382, 9437, -5867, -4848, 9309, 3284, 8910
-426, 2467, 6489, 7372, 9157, -3723, -4555, 1275, -1726, 5874, 497, 1514, 1217, -1548, -76
436, 1568, -41, 612, -6416, 3439, 3958, 6086, -8810, 4254, 2057, 8916, -6705, -5500, 9863
7495, 7058, 7725, 1412, -9819, 6289, 865, 3275, 61, -5188, -2439, 3769, -3101, -6730, -2075
-8983, 5072, -3503, 1174, -8065, 9890, 7973, -9921, 6671, -6528, 3244, -2799, 5, -7258, -1609
-6373, -2813, 7446, -2697, -1062, 3567, 8264, 3914, 4774, 8275, -2539, -7749, -4304, 5720, -5728
-1796, 1028, -8777, 6395, 5199, -4364, -6318, -1966, 8823, -6159, -4463, -7953, -4354, 3293, -9023
4849, 4219, -6015, 2659, -5933, -7211, -4671, 2054, -3390, -2650, 9429, 7896, -7827, -1718, 2425
5559, -183, 1300, 6800, 4711, 5926, -9992, 1372, 8194, 7940, -5311, 3180, -3825, 5081, 3031
-8853, -4761, 1319, 8626, 5798, 1001, 3768, -3770, -5917, -8035, -9202, -7644, 1344, 7385, -27
-1631, -5129, 5200, -1932, -8120, -5372, 9698, -9299, 4598, 7317, -3416, 9418, -6941, 9603, -9991
450, 8957, 909, -4661, -5656, 7730, 4818, 7717, -7975, 3116, -1848, 7798, -8144, 7036, 2534
-7173, -9668, -9593, -8916, -7860, -5289, -1034, -4982, -331, -6162, -8230, -2563, 6352, -2023, -7262
3315, -303, -1193, 6000, 1205, -192, 3208, 2618, -9159, 7390, -6321, -2106, -2553, -1949, -5529
9213, 3060, 9832, 3572, -3619, -9518, -322, -3888, 6578, -25, 9079, 4563, 9943, -9463, 8767
-8554, 6556, 7592, -2934, -5376, -3848, 5658, -2818, 9457, -599, -1121, -6749, -7916, 9089, -3110
-7699, 7071, 1653, -3230, 4735, -6786, -9991, 7945, -9550, -5075, -5293, 6907, 9687, 2812, 4476
8017, -8291, 8215, -7152, -6867, 6630, 3879, 6070, -4357, 2574, -1952, -779, -5218, 3054, -1120
-9470, -1097, -8556, -9754, 2643, -2718, 101, -8160, 9233, 5766, -9855, -8079, 992, -3126, 8740
-7371, -221, -1512, -6798, -3976, -3994, 9267, -8546, -7341, 287, -5438, -2849, 8273, -3628, 317
-8137, -1562, -9227, -2584, -4456, -679, 1930, 5774, -6189, 7788, 7527, 2178, 3190, 3896, -8936
1784, 3367, 1624, 3303, 262, 6486, 7797, 1965, 3479, -9087, -5393, 754, -7545, 3159, 5618
-8606, 9410, 1763, -7164, -564, -7423, 4247, 460, 4748, -8238, -2353, 3146, -8420, 839, 9687
-3861, -6806, -2844, 3659, -6355, 6399, -6783, -8886, -1950, 5501, 3162, -6365, 8648, 2442, 9585
-3653, 8084, -3754, 7160, -4468, 2841, -3388, -4482, 9424, 9113, -1238, 2016, -975, -7878, 5581
-8199, -8156, -2909, -8287, 6213, 1090, -5442, 4762, -8145, 4061, 5974, -3318, 2870, -7442, -5514
4144, -3632, -7410, 3892, -575, 338, 8094, 4572, 6099, -8371, 5767, 5280, 3557, 7145, -7049
6983, -243, -9767, 7824, -9949, -9728, -9106, 2821, -1877, 4767, -9798, 8728, -4180, -4598, 3755
3754, -8445, -5601, 4055, 8610, 3124, 3093, -9063, -8515, -7612, -1370, 9333, -9605, 2132, -2556
4081, 8762, 1700, -9608, -5430, 6020, -9753, -1977, -2660, -3172, 8286, -5766, 6038, -5359, 3198
-9265, 7325, -4359, -3315, 4844, 630, 4150, -1335, -9552, 2564, -6434, 4878, -9703, 3193, 9962
997, 1997, -6701, -9580, 2961, 1995, 6745, -6203, 1789, -9542, 9204, 4573, 5650, 9514, -403
-4050, 7678, 9271, -8186, 7952, 2171, -4248, -3079, 3262, -1485, 6180, -362, -5704, 7766, -2795
4909, 6249, -3661, -2897, 743, 6606, -898, 1191, -5970, 5686, 5780, -1675, 3156, -7501, 1171
-1231, 9698, 7364, 9200, 1093, -7218, 5041, 4441, -4017, 7919, 3050, -3704, 9198, 8040, 3264
3884, 2111, 8333, 5291, 6635, -7843, -6429, -7672, -1815, 9644, 6662, 6815, -9676, -245, -4643
5404, 1285, 2645, -8282, 152, -8521, 2970, 5317, 7879, -7127, -5994, 2486, -4865, 8475, -1146
-1143, -1024, 5866, -362, 0, 8067, 7368, -5094, -1740, -6636, 3245, -7999, 3334, -5750, 3363
-7939, -6866, 2663, -1667, 9569, -9940, 4536, 1356, -103, 6199, 2787, 5810, 4631, -242, 5274
-3713, -4570, -9588, 4529, -5228, -6024, 9416, -9465, -8884, 6361, 5177, -2937, 3889, -523, -9144
6917, 9139, 9504, -3744, -2480, 2410, 1200, -5235, -7688, 9965, -5274, 1260, -6875, -2876, 4137
2286, -5888, -4219, -107, -4854, -6636, -946, -6762, 714, 7724, -4058, 2047, 4198, 8265, 5007
9864, -7632, -8150, 6143, 5192, 3896, -3315, -5358, 3059, -172, 4211, 9275, -5367, -9392, 7214
1045, 1317, -1652, -6172, 764, 3413, -6188, -6439, 4614, 454, -5431, 4931, -7101, 5663, 7916
5420, 2043, -2200, -3227, 9689, 5367, -906, -1498, -7166, -71, 4903, -2880, 3951, -3533, -8096
3153, 5515, 3830, 1988, 8487, 5227, -3726, -9588, 6592, -3055, -1619, -109, -4688, 6616, -8434
9867, 4886, 4238, -5304, -7734, 6074, 2599, 3467, -8804, -3376, 3095, 4639, 505, 3786, -8364
-2218, 2558, 9344, -9254, -4547, -7684, -7026, 3191, -5632, -3091, 1508, -8984, -452, -6242, 953
-6298, -992, -6583, 6213, 6237, 4459, 712, 6994, 5645, 1574, -3240, 1551, -9049, 5039, -5962
-2398, -9297, 2884, -9244, -2462, -6937, -6595, 9583, 2784, 3035, -2066, -4968, -7964, 4771, 2598
2993, -1954, -3244, -939, 8724, 1505, -6567, -4693, -1458, -8918, -7273, 7757, -4397, -9687, -9494
-6451, -706, -5963, 3795, 5129, 7528, 811, -2637, 271, 1609, -8502, 6087, 7609, -3959, 543
5120, -7583, 7911, 7413, -7314, -212, -8314, 8396, 4822, -7647, 7936, 5349, 690, -2053, -7456
-3360, 4799, -5836, -1051, -2384, 1718, 8311, 8149, 5510, 1308, -5807, -4929, -1958, 7570, 3747
-7822, 3877, -3088, -1924, -9321, -3145, 4742, 7590, -3481, -5630, 9376, 8157, -1966, -5772, -7369
2075, 1280, 6473, -3482, -3877, -4422, 5260, 2097, 6489, -7648, 3163, 2589, 9522, -9984, 7103
-529, 4269, 2988, 7669, 4620, -3022, -2728, 589, -2829, 2439, -6807, 1288, -1350, -4314, 7201
-3134, 5006, 238, 6363, 7818, 5769, -2704, 1969, -1519, -1110, 478, -9388, -2359, 3460, -9922
5117, -1618, -9776, 1153, 3346, -3584, -1834, -9147, 2792, 6168, 851, 7170, -6370, -3863, -9544
1373, -2203, -4328, 1774, 6924, -7986, -6553, -9362, -5408, 7948, 5404, 4196, 1982, 143, -7094
-2008, -2593, 7273, 8452, 808, 6487, 7011, 506, -8932, 2820, 3192, 8092, 5244, -4088, -5648
-7986, -2922, 9952, -1649, 4777, -6487, 2763, -1907, 4326, -1373, -4689, -9772, 197, -2425, -9400
9240, 1399, 7442, 7840, -6125, -3434, -1372, -5388, -7074, -9260, -7755, 4726, 9846, 5772, -423
1262, 7656, 4035, -9573, -1816, 6986, 9971, -2755, 8537, 1388, -1832, -5019, 969, -5442, 3847
5917, -7435, 3107, 2848, 6327, -1115, -3972, 2625, -2258, -2429, -674, 1347, -3373, 2194, -2929
4419, -4699, -4052, 343, 4535, 3219, -2683, -7399, 649, -6945, -3218, -518, -3563, -1114, 9327
4601, -7394, -828, -6159, -77, -879, -4505, 1215, -4296, 7373, 252, -9660, 8732, 4364, 8936
7778, -8371, 3341, -1160, -4279, 1161, 2986, 67, 3372, 2904, 624, 6846, -7226, -1894, -6574
9757, 3584, -3835, -424, -4017, -9131, -3277, -5404, 3574, 2566, -6227, -3624, 5295, 151, -9808
7157, 7829, -3469, -7080, -5065, 982, 4803, 9688, 134, -4769, -4795, 9447, -9904, -1917, -6119
2438, 7246, -6136, -9990, 8163, -5233, -1511, -5867, -5506, -7420, 8535, -4501, 4236, -6746, -5959
-4741, 3463, -4977, -3111, -2392, -4828, -3575, -5710, -9694, 2480, 3662, 1907, 814, 3261, 5287
-1582, -3466, -6951, -5142, 7490, -465, -5332, 6434, 9734, -7, 7863, -491, 6981, 1691, -9528
-2222, 7601, 5876, 5327, -4300, -2641, -1552, -8263, 2043, -5100, 5045, -4071, -5013, -4183, 3576
-3389, 5380, 4907, 1744, -5920, -298, -332, 6991, -6452, 2077, -8495, 4597, -9031, 5796, 1306
3470, 3491, 7539, 4303, 1650, 6443, 6092, 8377, -3788, 2882, 1294, -7642, 1293, -8448, -8325
2990, 1952, 9985, 5698, -5870, 2821, -290, 457, 6605, -2563, -1779, 2176, -580, -1887, -4958
3119, -7381, -5605, 571, 7965, 2490, 6719, 1991, 8172, -4609, -281, -66, -7777, -4285, -3233
1290, -1260, 9563, -2711, -3120, -2706, 2349, 8083, 4119, -190, -4294, -3628, 1928, 6863, 8759
-3334, -8672, -1048, 479, -2459, -548, -4529, -3505, 671, -1523, 8715, 6356, 2845, -3994, 8500
8350, -6923, 2231, -610, -9933, 2809, -1399, -2826, -2335, -4847, 874, -9617, 7935, 152, -8413
-785, 6102, -7211, -6467, 7403, -2751, -1658, -1277, -6992, -6455, 5107, -2766, 5904, 7104, 8956
4728, 6865, 2895, 4255, -3881, 3289, -5479, -6014, 3109, -9076, -6770, -1577, 7972, -5752, 6448
-8699, 9573, -2102, -8401, -5805, 7139, -7205, 2179, 8774, 937, -4576, 6604, 4359, 4602, 9886
-9908, 5380, 5031, 9482, -5366, -1438, -3720, -6076, -1218, -6058, -3121, 3421, -7145, 1179, 9212
-6003, 8976, -9033, 5341, -7243, 3678, 9777, 1191, 4433, -8888, 9799, 7069, -6589, -1038, 8842
25, -5343, -2298, -4600, 8311, 8101, -5649, -6397, 4856, 8641, -970, 7310, -3057, -4131, -1104
1504, 3510, 5250, 7277, 5443, 4187, 1264, 3499, 1999, 7202, 4466, -3015, 2239, 5358, 1723
3029, 9022, -8091, 4112, -8508, 5511, 4244, -2097, 5130, 1762, -1063, 3135, -8674, 407, -4540
-386, -3269, -7319, 1521, 1198, 6166, 2108, -7970, -6009, 1485, -9755, 9584, 9535, 3381, 6312
-3697, -2877, -6194, -2648, 5185, -9644, -5769, -8349, 6362, 3836, -452, 5142, -2730, -6044, -5661
7830, -6064, 7200, -1458, -825, 2031, -3350, -2754, -9004, -824, -709, -64, 6356, 113, -4213
215, -1309, -9597, 124, 6283, -3596, -2973, -502, 6693, 4941, -2882, -9842, -9089, -4029, 2124
2896, -4694, -3397, -1691, 8560, 2867, 2758, 9892, 3925, -3073, 3317, -1202, 4621, -1918, 1051
6939, 3998, 9881, -6115, -5594, -8264, 5971, -6127, 8430, 2829, 3371, 1497, -255, -3961, -3630
-6248, 9134, 9766, 3343, 5887, 6187, -537, 2173, -9434, -3467, -8867, -8812, 7245, -9766, -733
-1268, 74, -7085, 7091, -8931, -9883, -2157, 6476, -2236, 4105, -2061, 1355, 675, 5929, -5494
-4906, -5296, -3460, -2138, 6434, 3643, -329, 2964, 6376, -590, -467, -602, 1592, -555, 5561
6567, 4402, 8279, -9775, 6819, 6657, 4322, -4567, -3907, 1696, -7568, 4981, 1851, -1705, 286
-8107, 3424, -3374, -7199, 2428, 3764, 5609, -3233, -5621, 9644, 155, 8589, -5134, 5919, 3058
-811, 9356, 3471, -5271, 8048, 2141, 8536, -4988, 6458, -4393, 4364, -5608, 5695, 6733, 7241
194, 9171, 6070, 2971, 3444, -8213, -6448, 9086, 1914, -9555, 7814, 4542, -3423, -6841, 618
8704, -6621, -1110, 8921, 9263, 5463, 5750, 8663, 408, -3567, -854, -8164, 8816, -4238, -2312
2760, 9603, 4344, 1926, 6136, 9913, -450, -4254, -3267, -1958, 2162, -8157, 6729, -6308, -8927
-1268, 8349, 9213, 2239, 8710, -2188, 7643, -9012, 3856, 5045, -693, 1740, 1064, -4611, -97
9075, -5845, -1416, 7141, -5196, -5750, -7062, 1160, -3057, -3269, 375, 6678, -3140, -4715, -7944
8256, 4215, 6933, 4196, -4274, -1997, -3671, 2072, -3797, -5059, -5487, 1067, 3632, -2150, 7805
-8911, 2694, -1713, -2268, -2982, -7535, -5804, -7167, -8646, -8968, -7960, -4435, -5305, -7522, 856
-1565, -5121, -8784, 511, -8256, -8764, 7131, -851, 5432, -145, 9493, -2519, -608, 6886, -5618
6861, -8869, 1049, 6483, -4012, 9337, -2845, 2389, 5103, -4940, -6429, 4433, 1330, 5365, 5705
7712, -9387, -4914, 5373, -2637, -7959, 1795, -4617, 8630, -8647, -2273, 8732, -8386, 867, -5933
-6410, 8058, 8119, -8530, -2136, -6683, 4656, 1761, -4738, 5319, -9355, -6342, -3067, -8456, 175
1606, -5718, -5099, 4327, -9994, 2665, 4082, -1211, 3023, -3753, 9502, 5876, -1976, 3047, -7843
-8820, -990, -4086, -912, -2890, -6858, -9125, 6590, 4165, 3163, -8710, 3827, -8323, 8924, 6985
9111, -4942, 7201, 8344, -7373, -9945, -605, 7021, 8867, 7113, -4712, -5881, 4898, -8699, 9272
1339, 3346, -2466, -8583, 7490, 4959, -8663, 6655, -2880, -7006, 9010, -9905, -714, -4916, 2571
-5471, 9421, -6418, -6526, 550, -9643, 3246, -4718, -847, -7711, -3758, 3723, 9650, -6136, 4038
1437, 8592, 5153, -6884, 963, -3370, 4571, -7281, 8569, -3988, 4177, 4831, -4383, 5025, 750
-605, 8141, -4246, -285, -4848, -7593, -6621, 7878, -665, 5563, -9812, -643, 7763, -185, 821
2873, -9230, 8148, -255, 8717, -7737, 6770, 4077, -8336, 2143, -7162, -5196, 1462, -9007, 8340
-9403, 2271, -471, -8662, -3901, -7237, -9655, -5442, -4774, 2513, 4376, 4565, 2659, 1917, 5220
-6957, 7052, 7489, -174, 3155, 3236, 1456, 4235, 2746, -3973, -4099, -1199, -7916, -1609, 5105
8684, 4589, -5878, 7466, 4882, -4973, 5302, 3711, 7879, -9510, 3653, -185, 5642, 3380, -907
4906, 5978, 4339, 6153, 96, -5125, 1607, 4855, 5474, -7683, -553, 6725, -2408, 3460, 3754
-3547, -5512, 2292, 7798, -487, -2734, 7585, 7582, 5153, -7579, 1481, 196, -9052, -1931, -2951
-8265, -3569, 6003, -6648, -1063, -2153, -2579, -3141, -1841, 395, -2601, 8797, -853, -819, -1639
7440, 4794, -2372, -6202, 1299, -5505, -8935, 6662, -9609, 4911, -4803, -7149, 9492, -1128, 2943
8993, 2101, 6012, -4442, -7876, 7242, -7030, 653, 705, -1173, 3541, -8082, -867, -773, -7728
6905, 7105, -2550, 1424, 4555, 1540, -3703, 7132, -659, -6623, 3740, -344, -9113, -2855, -3455
-8483, 657, -9325, -5666, -1651, 2619, 8330, -1301, -3338, 9362, -2333, 934, -8885, -7952, 6757
5135, -8905, 7177, -7219, -424, -2717, -4937, 3701, -5761, 5145, 8164, 7676, 820, -9775, -6570
-4243, -4429, 745, -206, 4392, 5623, -264, 9976, 7616, 2291, -2952, -2934, 8005, -5979, 4149
-5110, 7643, 7433, -5687, 8704, -9647, -9703, -2929, 4001, 5785, -9861, 1710, -8015, -9454, 9329
2757, 1840, 1629, -6355, -8582, 8711, -5444, 2141, -9724, -7068, -5598, 3794, 9144, 3137, 7438
-1626, 8559, -7427, 3838, 2614, 6708, -2761, -4610, -146, -2822, -6297, 1713, 1775, -2802, -5696
-8133, 2408, -2400, -3252, 2847, -8722, -6584, 8846, -999, -3049, -9715, 716, 4315, 4408, -2224
7560, 7716, 4122, -4009, 6743, 7231, 3080, -7978, -2061, 7125, -4394, 9669, 6209, -6647, 9897
9694, -3976, 7463, -768, 7721, -5894, -5975, -4704, 5794, -567, 1427, -8453, 8764, 8395, -5480
2510, 6349, -8125, 2840, 1708, 8561, -9880, 9174, -6645, -3485, -6300, 8556, 2299, -1546, -8334
-7052, 428, 9587, 2088, 1517, 9002, -2083, 9800, -1287, -886, -7535, -8000, -7268, 3736, 8411
-1781, -2664, 5963, 4552, 4996, 9034, -1916, 1957, -9166, 8272, -2269, 2502, -9052, 7897, 5661
-7239, 2902, -7951, 2491, 3937, -2254, 1195, -1084, 3870, -5916, 1785, 8743, -2454, 4451, -1343
-9953, 2770, -1847, -8735, -7367, 3502, 4106, -3308, -6371, 4865, -8014, -1623, 9135, 1569, 5541
-5622, 5995, -4725, 1133, 6433, 7189, 2531, -2080, 7608, 1361, 3296, -6400, 5450, -4968, 3626
-3459, -4309, -4499, -5782, 3261, 8627, -6839, 7123, 9097, 9856, 8225, -5772, 2184, -3323, 3999
-2167, -494, -8986, 381, -5716, 6462, 5091, 7838, -9893, 2134, -5055, 2810, 1061, 3675, 7234
-5014, 1222, 8087, 4269, -9373, -5090, 8264, 6117, 4986, 4207, 6304, 8957, 42, -9476, -5916
9919, -9070, -2449, 3154, -6741, 6725, 6524, 7998, -1154, 1334, -1504, -7564, 1496, 4448, 3100
8587, 1832, -7389, 2764, -3382, -637, -2632, 9608, -3295, 2743, 8529, 1586, -1690, -5180, 8701
-7131, -1822, 4962, 7789, -3430, 9757, -9642, 8861, 3601, -380, 9133, -1170, -9353, -9758, -2824
-9833, -2715, -4623, -524, 1200, -5523, 1061, -9951, -6394, 7355, 5673, -212, -3558, -2052, -1530
3004, -5246, -6724, -1177, 6972, 1750, -9372, 4358, -5648, -609, -7082, 272, 9510, 7383, -9733
4219, 146, -1296, 5558, 3091, 3533, 2638, 8256, -2193, -9936, -6110, -3571, 2941, -9469, -2738
4656, -2835, 7716, 9263, -735, 5715, -4831, -7708, -7368, -7042, 5849, -102, 7879, -4480, 7590
8269, -4136, -3142, -648, -9479, -6121, 7065, -6432, -2717, 5193, -4582, 5455, 3193, 4351, 1600
2435, -7853, 8684, 8343, -4609, 8158, 2783, 3530, -1594, 5060, 3319, -3218, 7853, 3521, 503
-5436, 6104, -7675, -5536, 8557, 634, -8952, -5571, -8481, 54, 9375, -3502, 3448, -2545, 411
3948, -1655, 8560, 9361, -8439, 887, 5556, -5669, -7474, 9856, -4430, 1380, -9926, -6887, -7197
-7545, -2168, 3511, -9498, 3918, -765, 6975, 3386, -2808, 3304, -405, -5525, -7568, -1252, 8718
-4257, -6567, -2936, 9862, 1488, -3427, -7670, -7913, -8635, 2896, -8801, -4897, -3262, -3226, -2075
708, -4884, 5813, 4387, 2109, 2214, 2197, 6021, 7351, 1443, -2916, -798, 7698, -5621, 4127
-4234, -2913, 1685, 8118, -7620, 2183, 8994, 4311, 9151, 1758, 7312, -6533, -1220, 7983, -8241
-8861, 2796, 7762, 5743, 1249, -405, -3874, 532, 3268, -7708, 353, -5435, 1991, -2823, 3717
2970, 8078, -8900, -2800, 3723, 8329, 8777, -5279, 2524, -1298, -6073, -23, -2651, -1992, -6469
1508, -9706, 135, 1340, -4528, -8642, -9556, -2607, -8667, -2820, -9426, 3201, 3907, -5418, 4541
-1968, 4493, -366, -7904, 1744, 2977, 7454, 8695, 1407, 8659, 7423, 9641, -9292, -1179, 9214
281, 8481, 3890, -5420, -4401, 1376, -1677, -8420, -9237, 8482, -7899, -1173, 8625, -5843, -225
711, 9171, -2163, -3122, -1601, -2176, -6066, 7073, 9712, -7201, 5744, -3533, 5213, 5007, 4481
-1070, -8032, 9946, 6699, -748, 3601, 9944, 4, -1658, 5728, -4067, 7462, -2957, -1168, -5630
7199, -7555, -7164, 9066, 2168, 8019, 3616, -4043, 6723, 3056, 8704, 6525, -6624, -9662, 3818
-3171, -4225, 5823, -8099, 8405, 9149, -5653, 1091, -2790, 9603, -3734, -9529, -7628, -9404, -9161
-7121, 55, 3797, -5763, 4499, -9703, 3901, -679, 1336, 2608, -2564, -6936, -7153, 5884, -1290
-3164, -500, 4224, 4466, 2407, 7402, 1208, 4439, 7883, 4150, -2418, 9223, -1757, -8726, 2397
-3505, 5026, 6327, 1540, -2456, 1302, -6372, -2568, -7425, 3750, -2961, -1599, -9790, 9863, 7013
-2818, 8666, 1959, 6673, 2589, 9024, -7258, -1516, 4198, -2592, 4980, 3316, 4535, -6414, -1004
-302, -3780, 4203, 4767, -7472, 9928, -7223, 8887, -3596, 4354, 7190, -2588, 7558, -9051, -8343
-438, -8534, 2279, -1077, 2891, -3385, 1920, -6079, -7801, 4691, 3741, 6249, 8066, -5962, 5922
-6148, -1419, 9270, 4290, 7016, 6741, -3291, 1850, 5154, -8566, -223, -4101, -4708, -3134, -8317
8801, 430, 3947, 2133, 9998, 137, -920, -7017, 928, -8107, -3816, 1337, 9791, -9574, 999
8826, 2099, -9685, 3755, 7905, 8161, -6737, -4513, -9217, 6323, 4206, 4088, -8642, 2805, -3214
-7463, -7423, -9003, 4208, -6564, -3065, 5838, -8080, -5152, 6403, -8200, 8319, -4827, -6059, -1592
-1843, 3459, 2560, -2272, -505, -4596, 7589, 5089, 4511, -1337, -366, 3023, -5323, -3000, 9007
-2314, 921, 6873, 467, 8769, 42, 8606, 6921, -1924, -2644, -118, 9708, -321, 543, 5348
7090, -8891, 9763, -1587, -9030, 3281, -1657, 9820, 1903, -9484, 8510, 8155, 5426, -241, 6952
8896, -8609, 2470, 9368, -7433, -244, -7253, 8042, 4685, 6283, 7709, 6277, 5237, 6981, -3229
6353, 7710, 8152, 9249, 7463, -4235, 9181, -1970, -7189, 7649, 6807, 5496, -6481, 9476, -6885
-5527, -5017, -5224, -6117, 9969, 304, -2384, -9616, -4401, 7994, 404, -2220, 2668, -5762, -2262
-3894, 8943, -4871, -8540, -6738, 548, -7210, -4223, -3522, 9513, 3073, 2350, 7971, 4836, 7079
1041, -1473, -3356, 6004, 6597, 7523, -4152, 3092, -1846, 2986, 2774, 9833, -8861, 7711, -969
-8116, -5032, 1131, -4666, 437, 2982, -3222, -5751, 1914, 222, -2208, -7856, 8882, 4721, -7748
-2196, 1117, 987, -8689, 5679, -351, -6294, -545, 4921, -9972, -1116, 4465, 413, -7817, 4605
7450, -3207, -2317, -2196, 3155, -4471, -7517, -7900, 2716, 2325, 5257, -4505, -5406, 1927, -1362
2727, 3993, 7819, 5499, 7171, -9141, -3915, -7575, -7809, -7065, -7451, 6000, -1076, -4143, -4286
4651, 160, 2597, 738, -6780, 2373, 5727, 5814, 9810, -5265, -1744, 5619, -7249, 7433, -2178
5942, -1898, 1480, -9621, -4877, -4040, -2236, -5122, 131, -1849, 7714, 5807, -978, -6079, -4939
-9610, -4355, -6592, -1040, 8551, -2542, 2221, -8546, -8059, -4180, -5044, 3378, 8151, 9733, -5767
-9648, -8165, -5254, 2348, -4775, 1864, 8678, -4298, 1311, 3239, 529, -8572, -6764, 6623, 9849
5315, -7558, 5331, -65, -7610, -4102, -6400, 4935, -5896, 582, 43, -4130, 3813, -8097, -7005
-8445, -5135, 9742, 7144, -9001, -3014, 8530, -4092, 9909, -6210, 8275, 2580, -1931, -6350, -7006
2878, 6551, 2484, -6579, 3377, 8640, -3954, -9007, 1309, 9871, -8307, -9213, 5917, -6147, -5150
4941, 4534, -1916, -8414, 597, 2744, -5060, 7331, 2513, 9347, 286, 479, -8410, -8436, 6262
2156, 5946, -371, -9569, -7842, -2035, 2773, -9822, -7493, -7996, 7170, 4086, -883, 1752, -7802
-1450, -8607, 7127, 9330, -7583, 7136, -8879, -4062, 9258, -5779, -9592, 9663, 5094, -3387, 3055
-3200, -5460, 4192, 6867, -1704, -8791, 4703, 684, -7818, 7171, -5655, 4473, -9754, 6132, -7484
-7635, -7055, -9379, 5633, -5287, -5603, 906, -1342, 8821, 5594, -6757, -1979, 2612, 1346, -3486
366, -7305, 4718, 6647, -1445, -80, -4584, 2621, -5036, 7569, -6089, 6716, 3103, -182, -3067
-824, 1298, 9111, -7145, -4808, -5460, 7474, -2451, -3285, 3469, 4653, 3973, 6047, 2572, -4316
-6056, 1713, -9005, 5577, 5489, 1060, 3404, -4857, -2268, 2204, 7256, -6620, 113, 6947, -608
4080, -666, 5756, 6486, -2290, 1015, 4813, 7826, 4785, 5337, 220, -5362, 7504, -7009, -8123
7837, -5744, -7658, 7429, 6442, 5418, 1576, 9168, 897, 228, 7155, -51, 7277, -5660, 5006
-2499, 681, -2561, 2464, 2662, -2309, 2915, 1949, 3209, 6589, -1925, -670, 6183, -7382, 7375
8380, -5793, -7595, -6784, -2178, 1483, 9866, 7788, 3117, 8364, 3749, 1403, 9761, -9477, 9928
-7669, 1001, -9983, 7044, 2188, -4150, -9103, -9952, -6749, 2869, -6792, -4336, 295, -1821, 1888
-4472, -2703, -5871, 5543, -907, -311, -4513, 6415, -5263, -9772, 7144, 9150, 8456, -1366, -672
-8589, 2397, 2417, -1419, -3742, 7885, 8135, 8227, 6247, 4018, 17, -3414, 9797, -6729, -9120
-1604, 5757, -447, -7426, 7161, -4036, 8097, -3692, -5653, 1444, 8742, -997, 2733, 2003, -1936
390, -3217, 3564, 8018, -7824, -3448, -9099, 621, -7443, 8555, -7877, -4308, -7377, -7944, -9320
8701, -3325, -6299, 7250, -7329, 3612, 2166, -1126, -8087, 4421, -9310, -4647, -9108, -1581, 2969
2277, -2131, -8216, 2917, -2111, -2306, 7771, 877, 9125, -2018, -812, -6704, -2173, -8571, -3081
-3606, 4932, 8507, 87, -5713, 8211, -6931, 2513, -4046, 471, -4750, 4551, 3999, 1436, 4029