-9998, -9997, -9996, -9994, -9994, -9993, -9993, -9993, -9992, -9992, -9991, -9991, -9990, -9984, -9983
-9982, -9982, -9975, -9972, -9971, -9969, -9968, -9965, -9963, -9963, -9957, -9953, -9952, -9952, -9951
-9949, -9945, -9942, -9940, -9938, -9936, -9934, -9933, -9931, -9926, -9922, -9921, -9921, -9920, -9915
-9910, -9909, -9908, -9905, -9904, -9903, -9899, -9897, -9895, -9894, -9893, -9892, -9888, -9887, -9887
-9883, -9880, -9878, -9878, -9877, -9877, -9870, -9868, -9868, -9865, -9861, -9859, -9855, -9854, -9853
-9852, -9850, -9844, -9842, -9840, -9833, -9829, -9826, -9822, -9822, -9819, -9816, -9814, -9812, -9811
-9810, -9809, -9808, -9799, -9798, -9798, -9797, -9790, -9777, -9776, -9776, -9775, -9775, -9774, -9774
-9773, -9772, -9772, -9771, -9768, -9767, -9766, -9765, -9761, -9758, -9755, -9754, -9754, -9753, -9753
-9752, -9741, -9738, -9738, -9733, -9732, -9731, -9728, -9727, -9725, -9725, -9724, -9721, -9721, -9720
-9719, -9715, -9712, -9711, -9706, -9703, -9703, -9703, -9703, -9703, -9700, -9695, -9694, -9692, -9688
-9687, -9685, -9682, -9682, -9677, -9676, -9676, -9674, -9674, -9672, -9670, -9669, -9668, -9668, -9667
-9667, -9662, -9660, -9659, -9658, -9655, -9654, -9652, -9652, -9649, -9648, -9647, -9647, -9645, -9645
-9644, -9643, -9643, -9642, -9639, -9635, -9634, -9631, -9630, -9629, -9621, -9619, -9617, -9617, -9617
-9616, -9615, -9615, -9614, -9611, -9611, -9610, -9609, -9609, -9609, -9608, -9607, -9605, -9605, -9602
-9602, -9598, -9597, -9593, -9592, -9592, -9591, -9588, -9588, -9587, -9584, -9582, -9582, -9581, -9580
-9577, -9574, -9574, -9573, -9573, -9571, -9570, -9569, -9566, -9560, -9559, -9557, -9556, -9555, -9553
-9552, -9551, -9550, -9544, -9542, -9538, -9538, -9535, -9533, -9531, -9529, -9529, -9528, -9522, -9521
-9519, -9518, -9518, -9516, -9514, -9511, -9510, -9507, -9507, -9502, -9501, -9498, -9496, -9495, -9494
-9492, -9489, -9487, -9484, -9481, -9481, -9479, -9477, -9476, -9476, -9470, -9469, -9466, -9465, -9463
-9461, -9459, -9454, -9453, -9449, -9448, -9444, -9442, -9434, -9434, -9430, -9430, -9430, -9426, -9421
-9419, -9419, -9419, -9417, -9416, -9416, -9414, -9412, -9407, -9406, -9405, -9405, -9404, -9403, -9400
-9398, -9392, -9388, -9387, -9387, -9384, -9383, -9382, -9380, -9380, -9379, -9379, -9373, -9372, -9371
-9368, -9362, -9356, -9355, -9353, -9348, -9347, -9346, -9344, -9341, -9340, -9340, -9339, -9338, -9335
-9334, -9333, -9330, -9326, -9325, -9325, -9321, -9321, -9320, -9315, -9313, -9312, -9310, -9310, -9310
-9308, -9303, -9299, -9298, -9297, -9296, -9292, -9287, -9282, -9281, -9280, -9279, -9279, -9274, -9269
-9265, -9265, -9264, -9263, -9261, -9261, -9260, -9260, -9256, -9254, -9254, -9254, -9253, -9250, -9250
-9249, -9247, -9244, -9244, -9240, -9237, -9232, -9231, -9231, -9230, -9230, -9230, -9229, -9227, -9227
-9223, -9222, -9222, -9221, -9219, -9217, -9213, -9211, -9209, -9207, -9202, -9197, -9196, -9194, -9192
-9191, -9188, -9187, -9181, -9174, -9173, -9172, -9169, -9169, -9166, -9162, -9161, -9161, -9159, -9159
-9153, -9152, -9147, -9145, -9144, -9141, -9137, -9135, -9132, -9131, -9129, -9129, -9126, -9125, -9120
-9120, -9117, -9113, -9113, -9111, -9109, -9108, -9107, -9106, -9103, -9103, -9099, -9097, -9090, -9090
-9089, -9089, -9087, -9082, -9081, -9080, -9079, -9077, -9076, -9076, -9074, -9073, -9073, -9070, -9069
-9066, -9063, -9063, -9061, -9058, -9052, -9052, -9052, -9052, -9051, -9049, -9048, -9043, -9033, -9031
-9030, -9029, -9028, -9027, -9023, -9019, -9012, -9011, -9010, -9007, -9007, -9005, -9004, -9003, -9003
-9001, -8993, -8990, -8989, -8987, -8986, -8986, -8985, -8984, -8983, -8982, -8977, -8974, -8970, -8968
-8966, -8958, -8952, -8950, -8947, -8945, -8942, -8941, -8936, -8936, -8935, -8932, -8931, -8931, -8928
-8927, -8925, -8924, -8918, -8918, -8918, -8917, -8916, -8912, -8911, -8909, -8906, -8905, -8902, -8901
-8900, -8897, -8895, -8892, -8891, -8888, -8886, -8885, -8885, -8884, -8879, -8879, -8877, -8875, -8870
-8869, -8869, -8867, -8863, -8861, -8861, -8860, -8859, -8859, -8853, -8852, -8852, -8850, -8849, -8844
-8842, -8842, -8841, -8839, -8834, -8833, -8833, -8833, -8832, -8828, -8826, -8825, -8824, -8824, -8820
-8820, -8820, -8819, -8818, -8812, -8810, -8806, -8805, -8805, -8804, -8801, -8796, -8794, -8792, -8791
-8791, -8788, -8784, -8784, -8784, -8783, -8783, -8781, -8777, -8777, -8775, -8769, -8768, -8767, -8767
-8765, -8764, -8757, -8751, -8748, -8746, -8740, -8739, -8737, -8735, -8735, -8729, -8727, -8726, -8722
-8722, -8720, -8718, -8716, -8710, -8705, -8702, -8699, -8699, -8698, -8695, -8695, -8692, -8690, -8689
-8687, -8682, -8674, -8672, -8668, -8668, -8667, -8667, -8665, -8663, -8663, -8662, -8658, -8654, -8648
-8647, -8646, -8645, -8644, -8642, -8642, -8640, -8640, -8639, -8638, -8635, -8629, -8623, -8620, -8617
-8609, -8607, -8606, -8606, -8601, -8598, -8595, -8592, -8592, -8589, -8589, -8586, -8583, -8583, -8582
-8581, -8578, -8578, -8575, -8574, -8574, -8572, -8571, -8568, -8567, -8566, -8565, -8561, -8556, -8556
-8556, -8556, -8554, -8551, -8549, -8546, -8546, -8546, -8541, -8540, -8534, -8534, -8532, -8530, -8521
-8521, -8519, -8515, -8510, -8509, -8508, -8502, -8495, -8495, -8492, -8490, -8483, -8481, -8481, -8476
-8475, -8473, -8470, -8467, -8464, -8458, -8458, -8456, -8455, -8453, -8453, -8448, -8448, -8448, -8445
-8445, -8440, -8439, -8436, -8434, -8432, -8426, -8424, -8421, -8420, -8420, -8414, -8414, -8413, -8412
-8412, -8410, -8408, -8408, -8408, -8406, -8403, -8401, -8401, -8400, -8396, -8392, -8390, -8388, -8386
-8386, -8385, -8375, -8371, -8371, -8367, -8364, -8363, -8361, -8359, -8357, -8356, -8354, -8353, -8351
-8349, -8346, -8344, -8343, -8340, -8336, -8336, -8334, -8329, -8325, -8324, -8323, -8319, -8318, -8317
-8316, -8314, -8310, -8308, -8307, -8307, -8306, -8306, -8305, -8298, -8298, -8296, -8293, -8291, -8291
-8287, -8287, -8283, -8282, -8281, -8275, -8270, -8269, -8269, -8267, -8266, -8265, -8264, -8264, -8264
-8263, -8263, -8263, -8256, -8256, -8253, -8253, -8252, -8251, -8251, -8250, -8242, -8241, -8241, -8238
-8230, -8230, -8226, -8224, -8223, -8221, -8219, -8216, -8215, -8213, -8211, -8206, -8204, -8204, -8203
-8201, -8200, -8199, -8186, -8185, -8185, -8184, -8183, -8178, -8174, -8165, -8164, -8164, -8160, -8160
-8157, -8156, -8155, -8154, -8153, -8150, -8149, -8147, -8145, -8144, -8144, -8143, -8140, -8138, -8137
-8136, -8135, -8134, -8133, -8131, -8130, -8129, -8129, -8127, -8125, -8125, -8123, -8121, -8121, -8120
-8120, -8118, -8116, -8112, -8112, -8111, -8110, -8107, -8107, -8107, -8105, -8100, -8100, -8099, -8098
-8097, -8096, -8092, -8091, -8087, -8087, -8082, -8082, -8080, -8079, -8078, -8077, -8077, -8075, -8074
-8073, -8067, -8065, -8059, -8059, -8059, -8059, -8059, -8057, -8055, -8053, -8052, -8048, -8047, -8046
-8042, -8041, -8038, -8035, -8032, -8031, -8031, -8030, -8030, -8026, -8022, -8020, -8016, -8016, -8015
-8014, -8014, -8008, -8000, -7999, -7996, -7996, -7996, -7995, -7990, -7986, -7986, -7980, -7978, -7978
-7977, -7975, -7975, -7970, -7967, -7964, -7960, -7959, -7958, -7953, -7952, -7951, -7949, -7945, -7944
-7944, -7944, -7943, -7943, -7939, -7937, -7936, -7927, -7926, -7922, -7922, -7919, -7916, -7916, -7915
-7915, -7914, -7914, -7913, -7910, -7905, -7904, -7904, -7900, -7899, -7893, -7892, -7888, -7888, -7882
-7881, -7878, -7878, -7877, -7876, -7874, -7871, -7871, -7871, -7867, -7864, -7862, -7861, -7861, -7860
-7859, -7856, -7855, -7855, -7853, -7847, -7843, -7843, -7842, -7836, -7829, -7828, -7827, -7826, -7824
-7824, -7824, -7822, -7822, -7818, -7818, -7817, -7815, -7815, -7813, -7810, -7809, -7804, -7802, -7801
-7798, -7797, -7797, -7790, -7790, -7789, -7786, -7785, -7784, -7781, -7779, -7778, -7777, -7776, -7775
-7774, -7770, -7769, -7766, -7764, -7755, -7754, -7751, -7749, -7748, -7744, -7743, -7743, -7741, -7739
-7737, -7735, -7734, -7732, -7731, -7730, -7728, -7723, -7715, -7713, -7712, -7711, -7711, -7708, -7708
-7705, -7700, -7700, -7699, -7694, -7692, -7688, -7688, -7684, -7683, -7679, -7675, -7672, -7670, -7669
-7668, -7666, -7660, -7658, -7658, -7657, -7653, -7652, -7652, -7650, -7648, -7648, -7647, -7647, -7646
-7644, -7644, -7642, -7638, -7636, -7635, -7635, -7634, -7632, -7628, -7628, -7626, -7626, -7625, -7622
-7620, -7619, -7616, -7614, -7612, -7610, -7599, -7595, -7594, -7593, -7593, -7586, -7584, -7583, -7583
-7583, -7581, -7579, -7578, -7577, -7575, -7574, -7571, -7568, -7568, -7564, -7564, -7563, -7558, -7558
-7557, -7555, -7554, -7554, -7552, -7551, -7548, -7546, -7545, -7545, -7541, -7540, -7539, -7535, -7535
-7532, -7532, -7530, -7525, -7524, -7523, -7522, -7517, -7517, -7515, -7513, -7511, -7511, -7510, -7509
-7505, -7503, -7502, -7501, -7499, -7496, -7496, -7493, -7492, -7489, -7487, -7487, -7486, -7484, -7482
-7482, -7476, -7475, -7474, -7472, -7466, -7465, -7465, -7463, -7459, -7456, -7455, -7454, -7451, -7448
-7446, -7443, -7442, -7440, -7439, -7436, -7435, -7435, -7435, -7434, -7433, -7431, -7430, -7428, -7427
-7426, -7425, -7425, -7423, -7423, -7422, -7421, -7420, -7410, -7405, -7403, -7401, -7399, -7399, -7396
-7394, -7389, -7384, -7382, -7382, -7381, -7379, -7377, -7373, -7371, -7370, -7369, -7369, -7368, -7368
-7367, -7360, -7356, -7355, -7354, -7352, -7352, -7349, -7349, -7348, -7345, -7343, -7342, -7341, -7340
-7336, -7334, -7332, -7331, -7329, -7324, -7324, -7320, -7319, -7318, -7317, -7317, -7314, -7314, -7313
-7312, -7310, -7308, -7307, -7305, -7301, -7299, -7298, -7295, -7292, -7290, -7289, -7288, -7283, -7281
-7277, -7277, -7273, -7269, -7268, -7268, -7265, -7262, -7260, -7258, -7258, -7257, -7254, -7253, -7249
-7249, -7244, -7243, -7239, -7238, -7237, -7235, -7231, -7226, -7223, -7219, -7218, -7215, -7215, -7212
-7211, -7211, -7210, -7205, -7201, -7199, -7199, -7198, -7197, -7195, -7191, -7189, -7186, -7185, -7180
-7178, -7173, -7171, -7170, -7167, -7167, -7166, -7164, -7164, -7164, -7162, -7161, -7153, -7153, -7153
-7152, -7152, -7151, -7150, -7149, -7145, -7145, -7144, -7141, -7131, -7129, -7128, -7127, -7126, -7124
-7121, -7119, -7118, -7112, -7112, -7111, -7106, -7106, -7104, -7101, -7097, -7094, -7094, -7085, -7085
-7082, -7080, -7074, -7073, -7069, -7068, -7065, -7065, -7064, -7062, -7062, -7056, -7055, -7053, -7052
-7050, -7049, -7047, -7045, -7044, -7044, -7042, -7042, -7041, -7032, -7030, -7026, -7025, -7024, -7023
-7021, -7020, -7018, -7017, -7009, -7008, -7008, -7006, -7006, -7005, -7005, -7005, -7005, -7001, -7001
-7000, -6999, -6996, -6993, -6992, -6986, -6985, -6985, -6984, -6982, -6981, -6978, -6974, -6968, -6964
-6964, -6961, -6958, -6957, -6951, -6945, -6941, -6937, -6936, -6935, -6933, -6931, -6931, -6929, -6926
-6923, -6923, -6920, -6919, -6916, -6915, -6910, -6908, -6908, -6908, -6907, -6905, -6904, -6903, -6894
-6891, -6887, -6887, -6885, -6884, -6882, -6876, -6875, -6869, -6867, -6866, -6866, -6864, -6862, -6861
-6858, -6854, -6852, -6851, -6846, -6843, -6841, -6841, -6841, -6840, -6839, -6839, -6836, -6836, -6834
-6833, -6826, -6823, -6818, -6818, -6817, -6817, -6815, -6814, -6809, -6807, -6806, -6806, -6806, -6803
-6802, -6802, -6800, -6800, -6798, -6797, -6796, -6792, -6788, -6787, -6786, -6784, -6783, -6780, -6776
-6776, -6773, -6772, -6771, -6770, -6767, -6766, -6765, -6764, -6762, -6762, -6757, -6755, -6751, -6750
-6749, -6749, -6749, -6746, -6741, -6738, -6737, -6737, -6737, -6736, -6732, -6730, -6730, -6729, -6724
-6723, -6722, -6720, -6716, -6710, -6708, -6706, -6706, -6705, -6704, -6701, -6699, -6696, -6695, -6691
-6689, -6686, -6683, -6680, -6677, -6673, -6672, -6670, -6669, -6665, -6664, -6658, -6653, -6650, -6648
-6647, -6645, -6641, -6636, -6636, -6634, -6630, -6626, -6624, -6623, -6621, -6621, -6620, -6619, -6611
-6609, -6609, -6608, -6604, -6603, -6599, -6596, -6596, -6595, -6594, -6593, -6592, -6592, -6589, -6587
-6586, -6584, -6583, -6579, -6577, -6576, -6574, -6572, -6570, -6567, -6567, -6565, -6564, -6564, -6563
-6563, -6561, -6559, -6557, -6557, -6556, -6553, -6551, -6550, -6545, -6541, -6536, -6536, -6535, -6533
-6532, -6528, -6527, -6526, -6521, -6513, -6512, -6510, -6510, -6504, -6502, -6496, -6494, -6493, -6491
-6491, -6490, -6487, -6484, -6482, -6481, -6480, -6474, -6473, -6472, -6469, -6469, -6469, -6469, -6468
-6467, -6466, -6460, -6460, -6457, -6455, -6453, -6452, -6452, -6451, -6448, -6448, -6448, -6447, -6446
-6442, -6441, -6439, -6439, -6434, -6434, -6432, -6431, -6430, -6429, -6429, -6427, -6420, -6418, -6416
-6414, -6412, -6412, -6411, -6410, -6407, -6406, -6403, -6402, -6401, -6400, -6400, -6397, -6395, -6395
-6394, -6392, -6389, -6388, -6386, -6383, -6382, -6377, -6373, -6373, -6373, -6372, -6371, -6370, -6365
-6358, -6356, -6355, -6355, -6351, -6350, -6347, -6346, -6346, -6342, -6327, -6324, -6322, -6321, -6318
-6316, -6312, -6308, -6308, -6308, -6303, -6302, -6301, -6300, -6299, -6298, -6297, -6297, -6294, -6293
-6291, -6285, -6279, -6275, -6275, -6274, -6273, -6269, -6267, -6266, -6257, -6256, -6252, -6248, -6248
-6246, -6245, -6242, -6242, -6239, -6239, -6235, -6233, -6230, -6227, -6226, -6222, -6218, -6216, -6216
-6215, -6210, -6210, -6209, -6206, -6205, -6203, -6202, -6199, -6198, -6196, -6194, -6189, -6189, -6189
-6188, -6187, -6181, -6172, -6170, -6170, -6170, -6168, -6162, -6160, -6159, -6159, -6159, -6158, -6148
-6147, -6138, -6136, -6136, -6135, -6133, -6132, -6130, -6129, -6128, -6127, -6125, -6121, -6119, -6117
-6115, -6115, -6115, -6111, -6110, -6110, -6105, -6102, -6099, -6098, -6096, -6096, -6092, -6090, -6089
-6085, -6081, -6080, -6079, -6079, -6076, -6075, -6073, -6070, -6066, -6066, -6066, -6064, -6063, -6059
-6058, -6056, -6055, -6053, -6050, -6049, -6047, -6046, -6045, -6044, -6044, -6042, -6037, -6037, -6034
-6030, -6029, -6025, -6024, -6024, -6015, -6014, -6014, -6013, -6009, -6007, -6004, -6003, -6002, -5999
-5999, -5997, -5994, -5989, -5984, -5979, -5979, -5975, -5974, -5970, -5969, -5963, -5963, -5963, -5962
-5962, -5959, -5957, -5952, -5951, -5942, -5937, -5937, -5936, -5936, -5934, -5933, -5933, -5933, -5927
-5926, -5925, -5920, -5919, -5917, -5916, -5916, -5913, -5913, -5912, -5911, -5910, -5909, -5907, -5905
-5897, -5896, -5896, -5894, -5888, -5883, -5881, -5878, -5878, -5876, -5874, -5873, -5871, -5870, -5869
-5867, -5867, -5867, -5864, -5863, -5860, -5860, -5858, -5853, -5851, -5845, -5843, -5836, -5835, -5829
-5829, -5825, -5817, -5810, -5810, -5808, -5808, -5807, -5805, -5805, -5804, -5804, -5793, -5792, -5792
-5792, -5790, -5785, -5782, -5782, -5779, -5778, -5777, -5775, -5772, -5772, -5769, -5768, -5767, -5766
-5766, -5763, -5763, -5763, -5762, -5761, -5760, -5754, -5752, -5752, -5751, -5750, -5750, -5748, -5744
-5742, -5735, -5734, -5730, -5728, -5727, -5723, -5722, -5721, -5720, -5718, -5716, -5716, -5713, -5712
-5710, -5709, -5707, -5706, -5705, -5704, -5703, -5702, -5696, -5696, -5695, -5693, -5691, -5689, -5687
-5686, -5684, -5682, -5680, -5680, -5679, -5679, -5678, -5677, -5675, -5669, -5667, -5666, -5663, -5661
-5660, -5657, -5656, -5655, -5655, -5653, -5653, -5652, -5649, -5649, -5648, -5648, -5648, -5648, -5647
-5646, -5640, -5638, -5636, -5635, -5632, -5630, -5630, -5622, -5622, -5622, -5621, -5621, -5621, -5619
-5618, -5616, -5615, -5613, -5611, -5610, -5610, -5608, -5605, -5605, -5605, -5605, -5603, -5601, -5601
-5601, -5599, -5598, -5594, -5594, -5590, -5590, -5574, -5571, -5567, -5564, -5552, -5548, -5546, -5543
-5541, -5539, -5536, -5536, -5536, -5532, -5530, -5530, -5529, -5527, -5526, -5525, -5524, -5524, -5523
-5523, -5519, -5516, -5515, -5515, -5514, -5514, -5512, -5510, -5510, -5506, -5505, -5505, -5502, -5502
-5501, -5501, -5500, -5494, -5493, -5487, -5487, -5483, -5482, -5480, -5479, -5479, -5479, -5476, -5473
-5472, -5471, -5467, -5463, -5463, -5462, -5461, -5460, -5460, -5455, -5452, -5451, -5451, -5450, -5449
-5447, -5444, -5442, -5442, -5442, -5438, -5437, -5436, -5436, -5436, -5435, -5433, -5431, -5430, -5428
-5427, -5426, -5426, -5425, -5424, -5422, -5420, -5419, -5418, -5417, -5414, -5408, -5406, -5405, -5404
-5403, -5402, -5402, -5401, -5400, -5399, -5393, -5389, -5388, -5386, -5385, -5383, -5382, -5379, -5379
-5376, -5375, -5372, -5371, -5371, -5368, -5367, -5366, -5362, -5360, -5359, -5359, -5358, -5358, -5354
-5350, -5349, -5347, -5346, -5345, -5343, -5341, -5340, -5336, -5333, -5332, -5323, -5323, -5316, -5311
-5311, -5309, -5307, -5305, -5304, -5300, -5296, -5293, -5289, -5287, -5283, -5280, -5279, -5278, -5278
-5277, -5274, -5271, -5268, -5265, -5263, -5262, -5259, -5259, -5254, -5251, -5246, -5246, -5246, -5245
-5245, -5245, -5244, -5242, -5240, -5236, -5235, -5235, -5233, -5231, -5230, -5228, -5228, -5226, -5225
-5225, -5224, -5224, -5219, -5218, -5217, -5215, -5211, -5210, -5208, -5203, -5201, -5196, -5196, -5196
-5194, -5188, -5184, -5183, -5180, -5177, -5176, -5174, -5172, -5171, -5170, -5170, -5167, -5167, -5158
-5157, -5155, -5152, -5150, -5146, -5143, -5142, -5141, -5140, -5140, -5138, -5137, -5135, -5134, -5129
-5129, -5128, -5128, -5125, -5124, -5124, -5122, -5122, -5121, -5119, -5118, -5118, -5118, -5117, -5114
-5110, -5105, -5105, -5101, -5100, -5099, -5099, -5094, -5092, -5091, -5090, -5090, -5089, -5086, -5083
-5080, -5079, -5075, -5072, -5071, -5071, -5065, -5065, -5060, -5060, -5059, -5055, -5049, -5047, -5044
-5043, -5043, -5040, -5037, -5036, -5036, -5035, -5033, -5032, -5031, -5031, -5028, -5027, -5022, -5021
-5019, -5018, -5017, -5014, -5013, -5011, -5003, -5003, -5000, -4996, -4992, -4989, -4988, -4987, -4983
-4982, -4978, -4977, -4975, -4975, -4973, -4973, -4972, -4968, -4968, -4965, -4964, -4964, -4962, -4961
-4961, -4959, -4958, -4958, -4956, -4956, -4954, -4953, -4953, -4952, -4951, -4951, -4950, -4946, -4945
-4942, -4940, -4939, -4937, -4937, -4937, -4933, -4932, -4931, -4929, -4928, -4928, -4922, -4920, -4918
-4916, -4914, -4914, -4914, -4906, -4906, -4905, -4904, -4903, -4897, -4897, -4896, -4894, -4892, -4891
-4886, -4884, -4884, -4883, -4883, -4883, -4881, -4879, -4878, -4877, -4871, -4870, -4869, -4865, -4863
-4861, -4859, -4857, -4857, -4855, -4854, -4854, -4854, -4848, -4848, -4847, -4845, -4831, -4830, -4828
-4827, -4827, -4825, -4825, -4824, -4824, -4819, -4808, -4803, -4803, -4801, -4800, -4796, -4795, -4795
-4788, -4787, -4779, -4778, -4776, -4775, -4774, -4769, -4767, -4766, -4763, -4761, -4759, -4759, -4756
-4750, -4748, -4747, -4746, -4741, -4738, -4736, -4735, -4733, -4727, -4725, -4725, -4724, -4722, -4721
-4718, -4718, -4715, -4712, -4709, -4708, -4706, -4706, -4704, -4702, -4699, -4699, -4698, -4696, -4695
-4694, -4693, -4690, -4689, -4688, -4684, -4683, -4683, -4682, -4681, -4681, -4678, -4671, -4668, -4666
-4661, -4656, -4656, -4655, -4654, -4650, -4649, -4647, -4643, -4643, -4638, -4638, -4638, -4636, -4635
-4634, -4625, -4623, -4623, -4622, -4621, -4617, -4615, -4611, -4610, -4610, -4609, -4609, -4605, -4603
-4603, -4602, -4600, -4598, -4598, -4596, -4596, -4595, -4592, -4585, -4584, -4583, -4582, -4576, -4572
-4572, -4570, -4567, -4566, -4564, -4564, -4562, -4558, -4556, -4555, -4551, -4550, -4547, -4546, -4545
-4543, -4542, -4540, -4536, -4535, -4535, -4531, -4529, -4528, -4528, -4527, -4526, -4513, -4513, -4508
-4508, -4505, -4505, -4503, -4501, -4501, -4499, -4498, -4495, -4494, -4487, -4485, -4485, -4482, -4482
-4480, -4476, -4473, -4472, -4471, -4471, -4469, -4468, -4467, -4464, -4463, -4461, -4460, -4456, -4448
-4448, -4445, -4442, -4437, -4435, -4433, -4432, -4430, -4430, -4429, -4428, -4422, -4419, -4414, -4412
-4410, -4410, -4404, -4404, -4401, -4401, -4397, -4395, -4394, -4394, -4393, -4390, -4383, -4383, -4383
-4381, -4380, -4375, -4375, -4367, -4367, -4366, -4366, -4364, -4363, -4363, -4361, -4359, -4357, -4356
-4355, -4354, -4354, -4353, -4340, -4339, -4336, -4335, -4328, -4328, -4327, -4327, -4324, -4324, -4322
-4319, -4316, -4316, -4314, -4313, -4313, -4311, -4310, -4309, -4309, -4308, -4304, -4303, -4300, -4300
-4300, -4298, -4296, -4296, -4294, -4289, -4286, -4285, -4285, -4281, -4279, -4276, -4275, -4274, -4271
-4270, -4268, -4266, -4266, -4265, -4262, -4260, -4260, -4259, -4257, -4254, -4251, -4248, -4246, -4245
-4244, -4243, -4240, -4240, -4238, -4238, -4236, -4235, -4234, -4234, -4228, -4225, -4224, -4223, -4220
-4219, -4219, -4218, -4216, -4214, -4213, -4208, -4205, -4205, -4204, -4199, -4199, -4195, -4193, -4189
-4189, -4184, -4184, -4183, -4181, -4181, -4181, -4180, -4180, -4180, -4179, -4172, -4171, -4171, -4169
-4169, -4167, -4167, -4166, -4161, -4159, -4152, -4150, -4149, -4148, -4143, -4137, -4136, -4134, -4133
-4131, -4130, -4129, -4128, -4127, -4127, -4122, -4120, -4120, -4119, -4119, -4115, -4114, -4108, -4102
-4101, -4099, -4098, -4096, -4095, -4092, -4088, -4088, -4087, -4086, -4084, -4081, -4071, -4071, -4071
-4070, -4067, -4063, -4062, -4062, -4061, -4059, -4058, -4052, -4050, -4050, -4046, -4044, -4043, -4041
-4040, -4040, -4038, -4038, -4036, -4035, -4029, -4020, -4018, -4018, -4017, -4017, -4015, -4013, -4012
-4010, -4009, -4007, -4006, -4001, -4000, -3998, -3994, -3994, -3988, -3986, -3980, -3980, -3977, -3976
-3976, -3975, -3974, -3973, -3972, -3962, -3961, -3959, -3957, -3954, -3953, -3947, -3947, -3945, -3943
-3941, -3940, -3932, -3931, -3928, -3925, -3922, -3921, -3919, -3916, -3915, -3910, -3908, -3907, -3904
-3901, -3897, -3894, -3894, -3894, -3892, -3889, -3888, -3887, -3886, -3881, -3877, -3876, -3875, -3874
-3863, -3863, -3861, -3853, -3852, -3848, -3846, -3845, -3845, -3844, -3843, -3843, -3842, -3837, -3836
-3835, -3833, -3831, -3829, -3829, -3828, -3825, -3822, -3822, -3819, -3817, -3817, -3816, -3814, -3812
-3811, -3810, -3810, -3804, -3802, -3799, -3797, -3792, -3788, -3788, -3783, -3780, -3780, -3779, -3778
-3770, -3769, -3768, -3766, -3763, -3761, -3760, -3759, -3759, -3758, -3754, -3754, -3754, -3753, -3753
-3744, -3742, -3739, -3738, -3737, -3734, -3729, -3727, -3726, -3723, -3720, -3720, -3720, -3715, -3713
-3711, -3707, -3706, -3704, -3703, -3701, -3697, -3692, -3692, -3691, -3688, -3682, -3671, -3671, -3668
-3661, -3658, -3653, -3652, -3651, -3650, -3645, -3642, -3640, -3636, -3634, -3634, -3634, -3634, -3633
-3632, -3632, -3630, -3630, -3628, -3628, -3628, -3626, -3625, -3624, -3622, -3621, -3619, -3616, -3615
-3613, -3612, -3610, -3610, -3608, -3606, -3605, -3602, -3596, -3596, -3596, -3594, -3590, -3587, -3587
-3585, -3584, -3584, -3583, -3582, -3580, -3575, -3572, -3572, -3571, -3570, -3570, -3569, -3569, -3567
-3563, -3563, -3558, -3551, -3550, -3547, -3547, -3544, -3537, -3536, -3536, -3536, -3536, -3533, -3533
-3529, -3527, -3523, -3523, -3522, -3519, -3519, -3519, -3519, -3518, -3518, -3513, -3509, -3506, -3505
-3505, -3505, -3503, -3502, -3501, -3493, -3487, -3486, -3486, -3485, -3483, -3482, -3481, -3481, -3476
-3475, -3472, -3469, -3467, -3466, -3462, -3460, -3459, -3455, -3451, -3449, -3448, -3442, -3434, -3430
-3428, -3427, -3427, -3426, -3425, -3423, -3419, -3417, -3417, -3416, -3416, -3414, -3413, -3411, -3410
-3409, -3409, -3397, -3396, -3393, -3390, -3390, -3389, -3388, -3387, -3385, -3382, -3377, -3376, -3375
-3374, -3373, -3371, -3370, -3360, -3359, -3356, -3355, -3355, -3354, -3354, -3353, -3350, -3350, -3346
-3343, -3343, -3338, -3335, -3334, -3328, -3325, -3323, -3318, -3316, -3315, -3315, -3311, -3311, -3309
-3308, -3305, -3305, -3304, -3303, -3303, -3302, -3298, -3295, -3294, -3292, -3291, -3291, -3290, -3288
-3286, -3285, -3281, -3280, -3279, -3277, -3277, -3272, -3269, -3269, -3269, -3267, -3265, -3262, -3253
-3252, -3252, -3251, -3247, -3246, -3245, -3244, -3242, -3240, -3236, -3236, -3233, -3233, -3230, -3229
-3227, -3226, -3224, -3222, -3219, -3219, -3219, -3218, -3218, -3217, -3217, -3217, -3216, -3214, -3212
-3207, -3206, -3206, -3200, -3195, -3193, -3193, -3189, -3188, -3188, -3184, -3180, -3174, -3172, -3171
-3169, -3168, -3164, -3160, -3151, -3151, -3150, -3149, -3145, -3142, -3141, -3140, -3138, -3137, -3134
-3134, -3126, -3122, -3122, -3121, -3120, -3120, -3120, -3116, -3111, -3111, -3110, -3109, -3108, -3103
-3101, -3093, -3091, -3090, -3089, -3088, -3088, -3087, -3086, -3083, -3081, -3079, -3073, -3071, -3067
-3067, -3065, -3063, -3062, -3060, -3059, -3057, -3057, -3055, -3053, -3053, -3049, -3048, -3045, -3042
-3039, -3032, -3029, -3029, -3029, -3027, -3026, -3022, -3019, -3016, -3015, -3014, -3014, -3009, -3008
-3007, -3007, -3005, -3004, -3000, -2993, -2993, -2992, -2991, -2989, -2982, -2982, -2982, -2980, -2980
-2974, -2973, -2967, -2962, -2961, -2960, -2958, -2957, -2957, -2952, -2951, -2951, -2951, -2941, -2937
-2936, -2934, -2934, -2933, -2930, -2929, -2929, -2929, -2929, -2927, -2922, -2918, -2916, -2913, -2911
-2909, -2908, -2906, -2900, -2897, -2897, -2894, -2894, -2894, -2893, -2890, -2888, -2887, -2882, -2880
-2880, -2880, -2879, -2877, -2877, -2876, -2871, -2869, -2868, -2868, -2865, -2855, -2852, -2849, -2849
-2845, -2845, -2844, -2842, -2839, -2836, -2835, -2835, -2829, -2829, -2829, -2827, -2827, -2826, -2824
-2823, -2823, -2822, -2822, -2820, -2820, -2820, -2818, -2818, -2813, -2813, -2808, -2802, -2800, -2799
-2795, -2793, -2793, -2791, -2790, -2789, -2788, -2784, -2783, -2782, -2781, -2781, -2775, -2774, -2773
-2768, -2766, -2761, -2761, -2760, -2756, -2756, -2756, -2755, -2755, -2754, -2751, -2748, -2746, -2746
-2744, -2741, -2739, -2738, -2734, -2734, -2733, -2732, -2732, -2731, -2730, -2730, -2728, -2724, -2719
-2718, -2717, -2717, -2715, -2715, -2711, -2706, -2704, -2704, -2703, -2702, -2697, -2693, -2686, -2683
-2683, -2680, -2679, -2674, -2673, -2669, -2666, -2665, -2664, -2660, -2657, -2654, -2654, -2651, -2650
-2649, -2649, -2649, -2648, -2648, -2646, -2645, -2645, -2645, -2645, -2644, -2644, -2641, -2640, -2637
-2637, -2636, -2632, -2629, -2625, -2618, -2617, -2617, -2616, -2615, -2608, -2608, -2607, -2605, -2601
-2597, -2597, -2594, -2593, -2592, -2589, -2588, -2588, -2585, -2584, -2581, -2579, -2579, -2578, -2577
-2576, -2575, -2572, -2572, -2571, -2568, -2568, -2567, -2566, -2564, -2563, -2563, -2561, -2556, -2556
-2555, -2553, -2550, -2545, -2542, -2542, -2541, -2540, -2539, -2538, -2532, -2527, -2526, -2526, -2523
-2523, -2519, -2519, -2516, -2513, -2504, -2501, -2499, -2499, -2498, -2497, -2492, -2488, -2482, -2481
-2480, -2478, -2476, -2469, -2469, -2467, -2466, -2465, -2462, -2460, -2460, -2459, -2459, -2457, -2456
-2456, -2454, -2451, -2449, -2444, -2439, -2437, -2431, -2430, -2429, -2428, -2425, -2425, -2422, -2420
-2418, -2411, -2411, -2408, -2402, -2400, -2400, -2399, -2398, -2398, -2398, -2397, -2396, -2392, -2388
-2384, -2384, -2377, -2375, -2375, -2374, -2372, -2372, -2372, -2369, -2368, -2361, -2360, -2359, -2359
-2358, -2356, -2353, -2349, -2347, -2341, -2335, -2335, -2334, -2333, -2330, -2325, -2323, -2323, -2322
-2320, -2318, -2318, -2318, -2317, -2314, -2313, -2312, -2310, -2310, -2309, -2309, -2306, -2306, -2305
-2299, -2298, -2298, -2296, -2291, -2290, -2283, -2282, -2279, -2279, -2275, -2273, -2272, -2269, -2268
-2268, -2266, -2263, -2263, -2262, -2261, -2258, -2254, -2254, -2253, -2244, -2238, -2237, -2236, -2236
-2233, -2230, -2230, -2228, -2226, -2224, -2224, -2223, -2222, -2221, -2220, -2220, -2219, -2218, -2216
-2214, -2214, -2209, -2208, -2208, -2205, -2203, -2202, -2200, -2196, -2196, -2194, -2193, -2189, -2188
-2188, -2185, -2180, -2178, -2178, -2177, -2176, -2174, -2173, -2170, -2170, -2168, -2167, -2164, -2163
-2161, -2160, -2158, -2158, -2157, -2153, -2153, -2152, -2152, -2150, -2146, -2143, -2140, -2139, -2139
-2138, -2136, -2135, -2131, -2129, -2129, -2126, -2125, -2121, -2120, -2119, -2116, -2111, -2108, -2106
-2103, -2102, -2098, -2097, -2094, -2094, -2093, -2092, -2090, -2086, -2086, -2083, -2083, -2080, -2078
-2077, -2076, -2075, -2075, -2067, -2066, -2064, -2061, -2061, -2057, -2054, -2054, -2053, -2052, -2051
-2050, -2046, -2042, -2039, -2038, -2035, -2034, -2033, -2032, -2032, -2028, -2027, -2023, -2023, -2022
-2022, -2020, -2018, -2013, -2008, -2004, -2002, -2000, -1997, -1997, -1997, -1993, -1992, -1992, -1991
-1984, -1983, -1981, -1980, -1979, -1977, -1977, -1977, -1976, -1973, -1973, -1970, -1968, -1966, -1966
-1966, -1963, -1963, -1958, -1958, -1958, -1954, -1954, -1953, -1953, -1952, -1951, -1950, -1949, -1949
-1944, -1938, -1936, -1936, -1934, -1932, -1931, -1931, -1926, -1925, -1924, -1924, -1924, -1919, -1919
-1918, -1918, -1917, -1916, -1916, -1913, -1907, -1898, -1894, -1889, -1887, -1885, -1884, -1878, -1877
-1874, -1872, -1869, -1858, -1857, -1851, -1849, -1848, -1847, -1846, -1843, -1843, -1843, -1841, -1836
-1834, -1833, -1833, -1832, -1832, -1832, -1829, -1822, -1821, -1817, -1817, -1816, -1815, -1813, -1810
-1809, -1805, -1800, -1798, -1797, -1797, -1796, -1794, -1792, -1788, -1781, -1781, -1779, -1777, -1776
-1775, -1766, -1761, -1757, -1753, -1752, -1752, -1751, -1749, -1749, -1748, -1744, -1740, -1739, -1735
-1734, -1729, -1728, -1726, -1720, -1720, -1718, -1717, -1717, -1713, -1711, -1711, -1708, -1706, -1705
-1704, -1701, -1698, -1697, -1695, -1691, -1690, -1687, -1682, -1677, -1676, -1675, -1675, -1674, -1673
-1669, -1667, -1666, -1660, -1658, -1658, -1657, -1657, -1655, -1655, -1652, -1651, -1649, -1647, -1645
-1643, -1639, -1639, -1634, -1631, -1628, -1626, -1626, -1625, -1623, -1623, -1621, -1621, -1620, -1619
-1618, -1618, -1618, -1617, -1614, -1609, -1609, -1607, -1604, -1601, -1599, -1594, -1592, -1591, -1587
-1586, -1584, -1582, -1581, -1581, -1577, -1576, -1569, -1568, -1565, -1562, -1559, -1554, -1553, -1552
-1552, -1549, -1548, -1546, -1546, -1544, -1544, -1540, -1534, -1534, -1534, -1533, -1532, -1530, -1530
-1523, -1519, -1517, -1516, -1512, -1512, -1511, -1508, -1505, -1504, -1504, -1503, -1503, -1501, -1498
-1497, -1495, -1488, -1487, -1485, -1485, -1483, -1482, -1480, -1477, -1475, -1473, -1473, -1473, -1468
-1467, -1467, -1466, -1465, -1458, -1458, -1458, -1457, -1452, -1450, -1448, -1445, -1444, -1441, -1439
-1438, -1435, -1431, -1429, -1419, -1419, -1416, -1413, -1405, -1401, -1399, -1399, -1399, -1397, -1396
-1395, -1383, -1377, -1375, -1374, -1373, -1372, -1370, -1369, -1367, -1366, -1365, -1364, -1363, -1363
-1362, -1360, -1353, -1353, -1350, -1350, -1343, -1342, -1341, -1341, -1337, -1335, -1334, -1332, -1331
-1328, -1322, -1321, -1318, -1314, -1313, -1312, -1310, -1309, -1308, -1308, -1305, -1305, -1304, -1304
-1302, -1301, -1301, -1300, -1298, -1298, -1296, -1294, -1293, -1293, -1293, -1290, -1288, -1287, -1287
-1280, -1279, -1279, -1279, -1277, -1276, -1273, -1272, -1268, -1268, -1265, -1265, -1265, -1260, -1257
-1255, -1255, -1253, -1252, -1248, -1247, -1246, -1244, -1240, -1239, -1238, -1237, -1236, -1236, -1235
-1232, -1231, -1230, -1220, -1218, -1211, -1209, -1207, -1206, -1202, -1202, -1202, -1199, -1199, -1195
-1194, -1194, -1193, -1187, -1186, -1183, -1179, -1177, -1177, -1176, -1174, -1173, -1173, -1173, -1172
-1172, -1170, -1170, -1168, -1168, -1168, -1163, -1160, -1156, -1154, -1154, -1148, -1146, -1143, -1139
-1134, -1134, -1134, -1133, -1128, -1126, -1126, -1124, -1123, -1121, -1120, -1116, -1116, -1115, -1115
-1115, -1114, -1114, -1113, -1113, -1110, -1110, -1110, -1104, -1103, -1097, -1097, -1096, -1094, -1092
-1089, -1084, -1084, -1081, -1077, -1076, -1070, -1063, -1063, -1063, -1062, -1058, -1055, -1055, -1052
-1051, -1049, -1048, -1042, -1040, -1040, -1038, -1034, -1034, -1028, -1025, -1024, -1023, -1020, -1019
-1018, -1018, -1015, -1015, -1013, -1010, -1009, -1004, -1004, -1000, -999, -999, -999, -998, -997
-997, -995, -992, -990, -985, -984, -983, -980, -978, -976, -975, -974, -972, -970, -969
-964, -963, -960, -959, -957, -956, -956, -954, -952, -952, -949, -947, -946, -945, -939
-938, -934, -933, -930, -926, -925, -924, -923, -920, -915, -914, -912, -912, -909, -907
-907, -906, -905, -903, -898, -892, -889, -889, -887, -886, -883, -883, -880, -879, -878
-875, -871, -871, -871, -867, -865, -861, -857, -856, -854, -854, -853, -851, -848, -847
-846, -844, -842, -841, -831, -831, -828, -827, -825, -824, -824, -821, -819, -818, -812
-811, -811, -810, -809, -803, -800, -798, -795, -793, -786, -785, -783, -781, -779, -773
-771, -771, -769, -768, -767, -765, -765, -762, -757, -755, -753, -748, -743, -742, -740
-736, -735, -735, -733, -733, -731, -729, -728, -725, -725, -720, -717, -716, -714, -709
-709, -708, -706, -705, -700, -699, -698, -695, -694, -693, -693, -692, -692, -690, -687
-686, -679, -679, -679, -674, -672, -670, -666, -665, -664, -661, -660, -659, -657, -655
-654, -649, -648, -645, -643, -639, -637, -633, -631, -631, -631, -629, -627, -616, -616
-614, -611, -610, -609, -609, -608, -608, -607, -606, -605, -605, -605, -605, -603, -602
-600, -599, -596, -594, -593, -590, -587, -587, -580, -580, -580, -578, -578, -575, -575
-574, -571, -571, -569, -567, -564, -557, -556, -555, -554, -553, -548, -548, -545, -544
-539, -538, -537, -536, -534, -531, -529, -528, -525, -525, -524, -523, -522, -520, -518
-518, -515, -510, -507, -505, -504, -502, -502, -500, -496, -496, -495, -494, -494, -493
-491, -488, -487, -487, -485, -484, -481, -479, -479, -478, -476, -474, -474, -471, -471
-467, -467, -467, -465, -458, -452, -452, -451, -450, -448, -448, -447, -442, -441, -439
-438, -435, -433, -426, -425, -424, -424, -424, -423, -415, -410, -408, -408, -406, -405
-405, -404, -403, -394, -393, -386, -380, -375, -375, -371, -371, -366, -366, -365, -363
-363, -362, -362, -360, -360, -354, -353, -351, -351, -349, -347, -346, -345, -344, -344
-339, -336, -332, -331, -331, -329, -326, -326, -322, -321, -321, -317, -314, -312, -312
-311, -308, -308, -307, -303, -303, -302, -301, -300, -298, -292, -292, -290, -290, -285
-284, -283, -281, -280, -279, -277, -275, -273, -273, -266, -264, -259, -259, -259, -257
-255, -255, -254, -252, -245, -244, -243, -242, -241, -240, -239, -234, -231, -231, -229
-229, -229, -225, -224, -223, -223, -221, -221, -219, -214, -213, -212, -212, -206, -206
-196, -196, -195, -193, -192, -191, -190, -188, -187, -185, -185, -183, -183, -182, -178
-176, -175, -175, -175, -174, -174, -174, -172, -172, -170, -170, -169, -166, -164, -164
-154, -149, -146, -145, -143, -142, -140, -138, -138, -132, -132, -129, -129, -127, -123
-118, -115, -113, -112, -112, -109, -107, -104, -103, -102, -102, -97, -97, -88, -83
-83, -80, -77, -76, -76, -76, -75, -74, -74, -71, -70, -66, -65, -65, -65
-65, -64, -60, -58, -53, -53, -51, -50, -48, -44, -41, -36, -33, -27, -25
-23, -19, -18, -17, -17, -16, -13, -11, -7, -4, -1, -1, 0, 0, 3
4, 5, 13, 14, 16, 17, 21, 25, 28, 29, 30, 32, 36, 36, 38
38, 38, 41, 42, 42, 43, 45, 45, 46, 47, 48, 51, 54, 54, 55
56, 59, 61, 63, 64, 67, 69, 74, 74, 77, 78, 78, 80, 81, 87
88, 89, 91, 93, 96, 99, 100, 101, 106, 108, 111, 111, 113, 113, 113
119, 124, 130, 131, 132, 132, 134, 135, 135, 137, 138, 139, 140, 140, 141
143, 146, 147, 151, 152, 152, 155, 155, 157, 160, 163, 165, 168, 171, 172
173, 175, 175, 175, 178, 181, 181, 185, 189, 194, 194, 196, 196, 197, 199
200, 200, 202, 203, 203, 207, 211, 215, 220, 222, 222, 222, 224, 228, 228
229, 231, 232, 233, 235, 238, 242, 249, 252, 256, 257, 262, 262, 266, 268
271, 272, 273, 281, 282, 284, 286, 286, 286, 287, 288, 291, 292, 295, 304
308, 317, 317, 319, 321, 324, 333, 336, 338, 343, 343, 345, 348, 348, 352
353, 354, 355, 356, 364, 366, 366, 370, 371, 374, 375, 375, 376, 380, 381
382, 384, 390, 393, 395, 399, 401, 404, 407, 408, 409, 411, 413, 413, 420
424, 427, 427, 427, 428, 428, 430, 432, 436, 437, 440, 446, 449, 450, 450
454, 457, 457, 458, 460, 464, 466, 467, 469, 471, 471, 472, 472, 473, 474
478, 479, 479, 480, 480, 483, 486, 487, 488, 491, 491, 496, 497, 501, 503
503, 504, 505, 506, 511, 511, 512, 516, 521, 528, 529, 529, 530, 532, 533
534, 535, 536, 537, 540, 541, 542, 543, 543, 548, 550, 550, 555, 555, 556
563, 565, 566, 566, 568, 571, 574, 574, 576, 577, 582, 585, 586, 589, 589
597, 600, 602, 602, 602, 604, 606, 606, 611, 612, 617, 618, 621, 624, 624
624, 624, 626, 626, 630, 630, 632, 634, 634, 636, 645, 647, 649, 649, 651
652, 653, 653, 657, 671, 671, 673, 674, 675, 676, 678, 681, 682, 684, 685
690, 696, 699, 703, 705, 706, 707, 708, 711, 712, 714, 715, 716, 718, 720
721, 728, 732, 735, 736, 738, 741, 741, 743, 744, 745, 747, 748, 748, 750
753, 754, 760, 764, 765, 768, 769, 775, 775, 781, 785, 786, 794, 796, 796
797, 799, 800, 801, 802, 802, 808, 808, 811, 812, 814, 815, 817, 818, 820
821, 823, 823, 831, 839, 842, 844, 846, 847, 848, 851, 856, 856, 865, 867
867, 867, 868, 868, 869, 871, 872, 873, 874, 875, 877, 878, 882, 885, 887
889, 889, 895, 897, 902, 902, 904, 906, 908, 909, 919, 921, 921, 921, 922
922, 928, 932, 933, 934, 935, 935, 937, 938, 938, 941, 946, 948, 950, 953
953, 954, 955, 956, 963, 969, 969, 969, 970, 977, 979, 982, 982, 984, 987
992, 993, 994, 997, 997, 997, 999, 999, 1001, 1001, 1002, 1003, 1003, 1013, 1015
1015, 1016, 1022, 1025, 1028, 1031, 1031, 1038, 1040, 1041, 1041, 1041, 1045, 1046, 1049
1050, 1051, 1054, 1055, 1057, 1058, 1060, 1060, 1061, 1061, 1061, 1063, 1064, 1067, 1069
1071, 1077, 1078, 1082, 1084, 1090, 1091, 1092, 1093, 1099, 1100, 1102, 1110, 1111, 1117
1120, 1126, 1131, 1132, 1133, 1139, 1146, 1148, 1150, 1153, 1153, 1160, 1160, 1161, 1168
1170, 1171, 1174, 1177, 1179, 1183, 1185, 1186, 1186, 1191, 1191, 1195, 1195, 1196, 1198
1200, 1200, 1203, 1204, 1205, 1208, 1209, 1213, 1215, 1215, 1217, 1219, 1219, 1220, 1222
1225, 1226, 1228, 1234, 1235, 1240, 1243, 1244, 1246, 1249, 1249, 1252, 1253, 1253, 1255
1260, 1262, 1264, 1264, 1264, 1264, 1265, 1266, 1267, 1271, 1273, 1275, 1275, 1278, 1278
1279, 1280, 1280, 1281, 1284, 1285, 1288, 1290, 1292, 1293, 1294, 1298, 1298, 1299, 1300
1300, 1302, 1302, 1303, 1305, 1306, 1308, 1309, 1311, 1311, 1317, 1319, 1322, 1323, 1324
1326, 1326, 1330, 1332, 1334, 1336, 1336, 1337, 1337, 1337, 1339, 1340, 1340, 1343, 1344
1345, 1346, 1347, 1347, 1349, 1351, 1352, 1353, 1355, 1356, 1361, 1361, 1364, 1365, 1368
1369, 1370, 1372, 1373, 1374, 1376, 1377, 1379, 1380, 1380, 1384, 1385, 1386, 1387, 1388
1398, 1398, 1399, 1401, 1402, 1403, 1407, 1410, 1412, 1412, 1414, 1421, 1423, 1424, 1425
1427, 1434, 1435, 1435, 1435, 1436, 1437, 1437, 1442, 1443, 1443, 1444, 1445, 1448, 1448
1449, 1456, 1462, 1463, 1464, 1466, 1469, 1471, 1472, 1473, 1475, 1478, 1480, 1481, 1481
1483, 1485, 1487, 1488, 1489, 1489, 1491, 1494, 1495, 1496, 1497, 1497, 1497, 1498, 1502
1503, 1504, 1505, 1505, 1508, 1508, 1512, 1513, 1514, 1514, 1514, 1517, 1517, 1518, 1521
1535, 1539, 1540, 1540, 1540, 1546, 1548, 1550, 1551, 1557, 1560, 1561, 1561, 1563, 1566
1568, 1569, 1574, 1575, 1575, 1576, 1577, 1580, 1581, 1583, 1586, 1589, 1591, 1592, 1594
1595, 1598, 1600, 1603, 1604, 1606, 1606, 1607, 1609, 1616, 1617, 1622, 1624, 1625, 1625
1627, 1629, 1633, 1650, 1650, 1653, 1654, 1655, 1659, 1665, 1671, 1674, 1682, 1683, 1684
1684, 1685, 1687, 1688, 1689, 1689, 1691, 1691, 1693, 1696, 1696, 1700, 1707, 1708, 1708
1710, 1713, 1713, 1717, 1718, 1721, 1723, 1723, 1732, 1733, 1735, 1739, 1740, 1744, 1744
1749, 1750, 1750, 1751, 1752, 1753, 1758, 1759, 1761, 1762, 1763, 1769, 1774, 1775, 1780
1782, 1783, 1784, 1785, 1785, 1788, 1789, 1789, 1789, 1789, 1790, 1790, 1794, 1795, 1795
1797, 1804, 1809, 1815, 1821, 1823, 1827, 1827, 1828, 1831, 1831, 1832, 1833, 1833, 1833
1833, 1838, 1840, 1843, 1847, 1849, 1850, 1851, 1852, 1857, 1860, 1864, 1865, 1865, 1866
1868, 1870, 1873, 1877, 1888, 1890, 1891, 1893, 1895, 1895, 1895, 1895, 1897, 1899, 1900
1901, 1903, 1904, 1904, 1904, 1905, 1907, 1913, 1914, 1914, 1914, 1915, 1916, 1917, 1920
1925, 1926, 1927, 1928, 1928, 1930, 1932, 1933, 1942, 1944, 1946, 1947, 1948, 1949, 1952
1952, 1956, 1956, 1957, 1959, 1959, 1961, 1965, 1969, 1970, 1978, 1979, 1979, 1979, 1982
1984, 1984, 1987, 1988, 1988, 1989, 1991, 1991, 1994, 1995, 1997, 1997, 1998, 1999, 2002
2003, 2003, 2007, 2015, 2016, 2016, 2016, 2019, 2026, 2027, 2028, 2031, 2031, 2032, 2034
2035, 2039, 2043, 2043, 2043, 2044, 2046, 2047, 2049, 2051, 2054, 2055, 2057, 2058, 2059
2064, 2066, 2072, 2075, 2077, 2080, 2081, 2083, 2083, 2084, 2088, 2094, 2095, 2096, 2097
2097, 2099, 2101, 2108, 2108, 2109, 2110, 2111, 2124, 2128, 2132, 2132, 2133, 2133, 2134
2135, 2135, 2139, 2141, 2141, 2141, 2143, 2146, 2147, 2150, 2150, 2156, 2156, 2160, 2160
2161, 2162, 2162, 2164, 2164, 2165, 2166, 2168, 2169, 2169, 2171, 2173, 2174, 2176, 2177
2178, 2179, 2180, 2183, 2184, 2186, 2187, 2187, 2188, 2188, 2189, 2193, 2194, 2195, 2196
2197, 2199, 2199, 2201, 2202, 2204, 2208, 2210, 2212, 2214, 2214, 2219, 2221, 2221, 2224
2224, 2226, 2231, 2234, 2239, 2239, 2240, 2242, 2243, 2244, 2247, 2249, 2254, 2257, 2258
2259, 2270, 2271, 2274, 2275, 2276, 2277, 2279, 2281, 2286, 2286, 2287, 2288, 2291, 2291
2292, 2294, 2296, 2299, 2303, 2310, 2312, 2315, 2317, 2325, 2325, 2327, 2328, 2331, 2334
2342, 2343, 2346, 2348, 2349, 2350, 2351, 2358, 2359, 2360, 2361, 2368, 2369, 2373, 2375
2377, 2377, 2381, 2384, 2384, 2389, 2389, 2391, 2393, 2394, 2395, 2397, 2397, 2399, 2402
2407, 2408, 2410, 2414, 2416, 2417, 2425, 2425, 2428, 2433, 2435, 2435, 2438, 2439, 2440
2441, 2441, 2442, 2442, 2447, 2452, 2456, 2457, 2458, 2460, 2464, 2467, 2470, 2476, 2480
2483, 2484, 2486, 2489, 2490, 2490, 2491, 2499, 2501, 2502, 2508, 2510, 2513, 2513, 2513
2513, 2518, 2518, 2521, 2524, 2524, 2524, 2531, 2534, 2534, 2535, 2535, 2536, 2538, 2545
2545, 2549, 2549, 2553, 2558, 2560, 2560, 2564, 2566, 2571, 2572, 2574, 2576, 2579, 2580
2581, 2581, 2582, 2584, 2586, 2588, 2589, 2589, 2594, 2595, 2597, 2597, 2597, 2598, 2599
2599, 2604, 2607, 2608, 2610, 2612, 2614, 2618, 2618, 2619, 2620, 2621, 2625, 2628, 2634
2638, 2640, 2642, 2643, 2644, 2644, 2645, 2653, 2653, 2659, 2659, 2659, 2659, 2660, 2660
2662, 2663, 2665, 2665, 2668, 2668, 2668, 2671, 2680, 2680, 2681, 2689, 2690, 2691, 2692
2694, 2694, 2697, 2697, 2701, 2702, 2703, 2704, 2714, 2714, 2716, 2717, 2722, 2726, 2727
2727, 2733, 2736, 2739, 2739, 2742, 2743, 2744, 2746, 2748, 2754, 2757, 2758, 2760, 2760
2763, 2764, 2768, 2768, 2770, 2770, 2771, 2773, 2774, 2774, 2777, 2783, 2784, 2785, 2786
2787, 2792, 2793, 2796, 2799, 2804, 2805, 2806, 2808, 2809, 2810, 2810, 2812, 2816, 2816
2817, 2818, 2820, 2821, 2821, 2821, 2825, 2826, 2826, 2827, 2829, 2831, 2840, 2841, 2845
2846, 2847, 2847, 2848, 2849, 2857, 2859, 2862, 2866, 2867, 2868, 2869, 2870, 2873, 2878
2879, 2882, 2884, 2884, 2886, 2887, 2889, 2891, 2891, 2895, 2896, 2896, 2902, 2902, 2903
2903, 2904, 2906, 2909, 2912, 2915, 2915, 2917, 2927, 2928, 2929, 2936, 2939, 2941, 2943
2947, 2953, 2954, 2956, 2957, 2957, 2959, 2961, 2964, 2965, 2965, 2966, 2969, 2969, 2970
2970, 2971, 2972, 2977, 2977, 2979, 2980, 2981, 2982, 2985, 2985, 2985, 2986, 2986, 2988
2990, 2990, 2990, 2993, 2996, 2996, 2996, 2996, 2999, 2999, 3004, 3004, 3004, 3008, 3008
3009, 3011, 3015, 3018, 3019, 3022, 3023, 3023, 3026, 3027, 3027, 3028, 3029, 3031, 3032
3035, 3037, 3037, 3037, 3039, 3039, 3042, 3044, 3047, 3047, 3048, 3050, 3050, 3054, 3055
3056, 3056, 3058, 3059, 3059, 3060, 3061, 3064, 3067, 3068, 3070, 3072, 3073, 3077, 3080
3085, 3087, 3089, 3090, 3091, 3091, 3092, 3093, 3093, 3095, 3100, 3101, 3102, 3103, 3104
3107, 3107, 3107, 3109, 3110, 3116, 3117, 3119, 3124, 3131, 3131, 3132, 3134, 3135, 3136
3137, 3140, 3141, 3141, 3143, 3146, 3147, 3148, 3150, 3150, 3152, 3153, 3154, 3155, 3155
3156, 3156, 3157, 3159, 3159, 3162, 3163, 3163, 3165, 3165, 3169, 3170, 3171, 3171, 3172
3172, 3175, 3176, 3180, 3184, 3185, 3186, 3189, 3189, 3190, 3191, 3192, 3192, 3193, 3193
3195, 3196, 3197, 3198, 3201, 3205, 3206, 3208, 3209, 3209, 3212, 3212, 3213, 3217, 3219
3220, 3230, 3235, 3236, 3236, 3239, 3239, 3241, 3244, 3245, 3246, 3253, 3259, 3261, 3261
3261, 3262, 3263, 3264, 3266, 3267, 3268, 3268, 3275, 3275, 3280, 3281, 3281, 3283, 3284
3289, 3289, 3293, 3294, 3295, 3296, 3298, 3299, 3300, 3301, 3303, 3304, 3309, 3311, 3315
3316, 3316, 3316, 3317, 3318, 3319, 3320, 3321, 3327, 3333, 3334, 3337, 3337, 3341, 3342
3342, 3343, 3346, 3346, 3347, 3347, 3350, 3354, 3355, 3362, 3363, 3363, 3364, 3366, 3367
3371, 3371, 3372, 3375, 3376, 3377, 3378, 3378, 3380, 3381, 3386, 3388, 3395, 3397, 3400
3402, 3403, 3404, 3409, 3409, 3412, 3413, 3413, 3413, 3414, 3418, 3421, 3424, 3427, 3427
3431, 3435, 3439, 3439, 3440, 3444, 3444, 3444, 3445, 3448, 3450, 3454, 3456, 3457, 3458
3459, 3460, 3460, 3460, 3461, 3463, 3463, 3465, 3467, 3467, 3469, 3470, 3470, 3471, 3476
3476, 3477, 3477, 3478, 3479, 3480, 3481, 3482, 3483, 3488, 3491, 3491, 3492, 3499, 3502
3502, 3503, 3505, 3508, 3509, 3510, 3510, 3511, 3512, 3513, 3513, 3513, 3514, 3516, 3516
3516, 3517, 3518, 3521, 3526, 3530, 3531, 3533, 3541, 3542, 3543, 3543, 3546, 3549, 3550
3555, 3556, 3557, 3559, 3562, 3564, 3567, 3569, 3570, 3572, 3574, 3574, 3576, 3576, 3578
3581, 3584, 3585, 3587, 3589, 3589, 3593, 3597, 3597, 3598, 3601, 3601, 3601, 3603, 3612
3612, 3616, 3616, 3626, 3626, 3628, 3631, 3632, 3634, 3634, 3634, 3635, 3635, 3636, 3638
3638, 3639, 3641, 3642, 3643, 3647, 3649, 3650, 3651, 3653, 3655, 3659, 3662, 3675, 3676
3678, 3680, 3684, 3685, 3688, 3688, 3701, 3705, 3705, 3710, 3711, 3713, 3717, 3720, 3723
3723, 3725, 3736, 3737, 3738, 3740, 3740, 3741, 3741, 3741, 3744, 3747, 3748, 3749, 3750
3754, 3754, 3755, 3755, 3764, 3768, 3769, 3775, 3776, 3778, 3781, 3781, 3781, 3786, 3790
3794, 3795, 3795, 3795, 3797, 3799, 3807, 3807, 3807, 3808, 3808, 3813, 3815, 3816, 3818
3818, 3818, 3820, 3822, 3822, 3826, 3827, 3828, 3830, 3836, 3838, 3838, 3839, 3840, 3840
3841, 3844, 3846, 3847, 3847, 3848, 3851, 3855, 3856, 3858, 3860, 3861, 3862, 3862, 3863
3868, 3869, 3870, 3870, 3870, 3873, 3876, 3877, 3878, 3879, 3879, 3881, 3881, 3883, 3884
3887, 3889, 3890, 3892, 3893, 3895, 3896, 3896, 3897, 3900, 3901, 3901, 3904, 3907, 3908
3908, 3909, 3910, 3910, 3913, 3914, 3915, 3916, 3918, 3923, 3924, 3925, 3925, 3927, 3929
3930, 3937, 3938, 3939, 3942, 3947, 3948, 3949, 3951, 3958, 3958, 3962, 3969, 3973, 3978
3985, 3986, 3990, 3991, 3992, 3993, 3994, 3995, 3998, 3999, 3999, 4000, 4001, 4003, 4005
4006, 4007, 4010, 4017, 4017, 4017, 4018, 4020, 4027, 4029, 4033, 4034, 4034, 4035, 4037
4038, 4039, 4046, 4047, 4050, 4055, 4056, 4060, 4060, 4061, 4061, 4062, 4062, 4063, 4063
4065, 4070, 4073, 4077, 4080, 4081, 4082, 4082, 4082, 4086, 4088, 4088, 4092, 4095, 4105
4106, 4107, 4112, 4114, 4119, 4119, 4122, 4122, 4123, 4125, 4127, 4128, 4137, 4140, 4144
4146, 4146, 4148, 4149, 4149, 4149, 4150, 4150, 4150, 4151, 4152, 4153, 4157, 4157, 4160
4161, 4161, 4165, 4165, 4165, 4169, 4169, 4173, 4177, 4184, 4187, 4192, 4192, 4196, 4196
4197, 4198, 4198, 4199, 4200, 4202, 4203, 4203, 4206, 4207, 4208, 4211, 4213, 4213, 4215
4215, 4219, 4219, 4219, 4221, 4221, 4221, 4222, 4224, 4234, 4234, 4235, 4235, 4236, 4236
4238, 4243, 4244, 4244, 4246, 4247, 4248, 4248, 4250, 4252, 4252, 4252, 4254, 4255, 4261
4263, 4264, 4267, 4267, 4267, 4267, 4268, 4269, 4269, 4269, 4269, 4269, 4270, 4270, 4274
4275, 4275, 4276, 4276, 4280, 4287, 4289, 4290, 4295, 4300, 4303, 4303, 4305, 4307, 4311
4314, 4314, 4315, 4316, 4316, 4317, 4320, 4321, 4322, 4324, 4325, 4326, 4327, 4336, 4339
4341, 4341, 4344, 4345, 4347, 4351, 4351, 4351, 4354, 4357, 4358, 4359, 4362, 4364, 4364
4365, 4370, 4370, 4371, 4371, 4372, 4376, 4377, 4382, 4382, 4385, 4387, 4388, 4392, 4396
4396, 4397, 4401, 4402, 4405, 4406, 4407, 4408, 4409, 4409, 4414, 4419, 4419, 4420, 4421
4421, 4422, 4428, 4431, 4432, 4433, 4433, 4433, 4438, 4439, 4441, 4443, 4444, 4445, 4447
4448, 4451, 4451, 4459, 4459, 4463, 4464, 4464, 4465, 4466, 4466, 4473, 4474, 4476, 4481
4482, 4483, 4484, 4484, 4485, 4485, 4491, 4493, 4493, 4494, 4499, 4500, 4500, 4504, 4506
4510, 4511, 4515, 4522, 4524, 4529, 4529, 4531, 4534, 4534, 4535, 4535, 4536, 4541, 4542
4545, 4547, 4548, 4549, 4550, 4551, 4552, 4552, 4553, 4554, 4555, 4557, 4558, 4560, 4563
4564, 4565, 4566, 4571, 4572, 4573, 4575, 4577, 4577, 4577, 4577, 4578, 4582, 4584, 4589
4590, 4596, 4596, 4597, 4598, 4598, 4599, 4601, 4602, 4603, 4605, 4606, 4607, 4614, 4617
4619, 4619, 4620, 4621, 4631, 4632, 4634, 4636, 4637, 4639, 4643, 4649, 4651, 4653, 4653
4656, 4656, 4656, 4657, 4670, 4672, 4676, 4684, 4685, 4685, 4686, 4689, 4690, 4691, 4693
4696, 4700, 4703, 4703, 4704, 4711, 4711, 4711, 4712, 4713, 4715, 4718, 4721, 4721, 4722
4726, 4728, 4728, 4731, 4734, 4735, 4741, 4742, 4748, 4750, 4758, 4762, 4764, 4767, 4767
4768, 4768, 4770, 4771, 4774, 4774, 4775, 4776, 4777, 4781, 4784, 4785, 4786, 4788, 4791
4794, 4794, 4794, 4796, 4797, 4797, 4799, 4801, 4803, 4804, 4806, 4810, 4811, 4813, 4814
4815, 4818, 4821, 4822, 4823, 4824, 4825, 4825, 4825, 4829, 4830, 4831, 4836, 4837, 4844
4845, 4849, 4851, 4854, 4855, 4856, 4856, 4857, 4858, 4860, 4861, 4863, 4864, 4865, 4865
4866, 4877, 4878, 4880, 4882, 4886, 4886, 4886, 4888, 4890, 4890, 4893, 4894, 4894, 4898
4901, 4902, 4902, 4903, 4906, 4906, 4907, 4907, 4907, 4909, 4911, 4921, 4927, 4928, 4929
4931, 4932, 4935, 4936, 4938, 4940, 4941, 4941, 4941, 4944, 4946, 4948, 4948, 4950, 4952
4953, 4958, 4959, 4959, 4962, 4962, 4964, 4965, 4965, 4972, 4972, 4972, 4980, 4981, 4986
4991, 4993, 4994, 4996, 4997, 4998, 5003, 5004, 5004, 5006, 5006, 5007, 5007, 5007, 5008
5010, 5012, 5013, 5014, 5017, 5017, 5017, 5024, 5025, 5025, 5026, 5026, 5027, 5027, 5028
5031, 5039, 5040, 5041, 5042, 5043, 5045, 5045, 5050, 5052, 5052, 5055, 5059, 5060, 5060
5060, 5063, 5064, 5064, 5067, 5069, 5069, 5071, 5072, 5077, 5081, 5083, 5089, 5089, 5091
5091, 5094, 5094, 5095, 5097, 5103, 5105, 5105, 5107, 5110, 5112, 5112, 5114, 5117, 5120
5124, 5125, 5125, 5129, 5129, 5130, 5134, 5135, 5138, 5140, 5142, 5142, 5144, 5145, 5145
5148, 5153, 5153, 5154, 5156, 5159, 5164, 5166, 5169, 5173, 5176, 5177, 5179, 5180, 5181
5184, 5185, 5192, 5192, 5193, 5199, 5200, 5201, 5208, 5208, 5210, 5210, 5213, 5220, 5220
5225, 5227, 5227, 5232, 5235, 5236, 5237, 5237, 5244, 5250, 5251, 5254, 5257, 5258, 5259
5259, 5260, 5263, 5263, 5270, 5272, 5274, 5274, 5274, 5278, 5280, 5286, 5287, 5287, 5291
5293, 5295, 5295, 5296, 5297, 5297, 5297, 5298, 5302, 5309, 5309, 5311, 5315, 5317, 5317
5319, 5323, 5327, 5327, 5327, 5328, 5331, 5334, 5336, 5337, 5337, 5341, 5342, 5347, 5348
5348, 5349, 5352, 5357, 5357, 5358, 5359, 5364, 5365, 5367, 5371, 5372, 5372, 5373, 5373
5377, 5378, 5378, 5380, 5380, 5388, 5392, 5393, 5394, 5395, 5395, 5397, 5398, 5399, 5399
5404, 5404, 5404, 5406, 5406, 5408, 5410, 5415, 5418, 5419, 5419, 5419, 5420, 5421, 5426
5428, 5430, 5432, 5442, 5443, 5449, 5450, 5450, 5453, 5455, 5455, 5457, 5458, 5462, 5463
5469, 5469, 5469, 5471, 5473, 5474, 5475, 5477, 5478, 5480, 5481, 5485, 5489, 5490, 5492
5493, 5496, 5499, 5501, 5501, 5502, 5505, 5509, 5510, 5511, 5511, 5515, 5516, 5521, 5525
5526, 5531, 5532, 5532, 5532, 5533, 5533, 5535, 5536, 5536, 5537, 5539, 5539, 5541, 5542
5542, 5543, 5543, 5553, 5556, 5556, 5558, 5559, 5559, 5560, 5561, 5561, 5563, 5572, 5574
5575, 5576, 5577, 5577, 5581, 5583, 5586, 5594, 5594, 5595, 5598, 5600, 5601, 5603, 5609
5610, 5614, 5615, 5618, 5618, 5618, 5619, 5620, 5621, 5621, 5623, 5623, 5624, 5626, 5628
5630, 5630, 5633, 5634, 5642, 5644, 5645, 5650, 5653, 5654, 5657, 5658, 5658, 5659, 5661
5663, 5664, 5666, 5668, 5668, 5670, 5673, 5673, 5675, 5679, 5684, 5686, 5686, 5692, 5692
5695, 5697, 5698, 5699, 5705, 5705, 5709, 5709, 5711, 5711, 5715, 5718, 5720, 5721, 5721
5725, 5727, 5727, 5728, 5737, 5742, 5743, 5743, 5744, 5745, 5750, 5756, 5757, 5759, 5760
5765, 5766, 5767, 5769, 5772, 5773, 5774, 5775, 5775, 5776, 5780, 5780, 5783, 5785, 5786
5788, 5791, 5793, 5794, 5796, 5798, 5799, 5803, 5807, 5810, 5812, 5813, 5813, 5814, 5814
5817, 5818, 5821, 5821, 5821, 5823, 5833, 5833, 5838, 5838, 5840, 5842, 5843, 5844, 5849
5849, 5850, 5853, 5854, 5858, 5865, 5866, 5867, 5872, 5873, 5874, 5876, 5876, 5879, 5879
5883, 5884, 5887, 5887, 5896, 5896, 5898, 5899, 5904, 5904, 5905, 5911, 5915, 5917, 5917
5919, 5922, 5926, 5926, 5926, 5929, 5931, 5932, 5933, 5939, 5940, 5942, 5946, 5948, 5949
5949, 5950, 5953, 5953, 5955, 5958, 5961, 5961, 5963, 5965, 5971, 5974, 5974, 5977, 5978
5978, 5980, 5984, 5994, 5995, 5998, 6000, 6000, 6003, 6004, 6004, 6006, 6006, 6008, 6009
6012, 6012, 6015, 6017, 6019, 6019, 6020, 6021, 6022, 6036, 6038, 6038, 6042, 6046, 6047
6047, 6056, 6058, 6059, 6062, 6065, 6067, 6070, 6070, 6071, 6074, 6086, 6087, 6089, 6089
6092, 6094, 6098, 6099, 6100, 6101, 6102, 6103, 6104, 6105, 6106, 6115, 6116, 6117, 6123
6124, 6128, 6132, 6136, 6136, 6136, 6142, 6143, 6147, 6148, 6149, 6151, 6151, 6153, 6155
6160, 6160, 6162, 6164, 6166, 6166, 6168, 6168, 6172, 6172, 6172, 6175, 6176, 6176, 6180
6183, 6187, 6191, 6198, 6199, 6199, 6201, 6203, 6206, 6206, 6209, 6209, 6212, 6213, 6213
6213, 6218, 6219, 6221, 6223, 6237, 6237, 6241, 6244, 6245, 6247, 6247, 6249, 6249, 6252
6252, 6254, 6257, 6262, 6264, 6266, 6266, 6267, 6271, 6272, 6277, 6279, 6281, 6283, 6283
6289, 6303, 6304, 6305, 6306, 6306, 6308, 6309, 6311, 6312, 6320, 6323, 6326, 6327, 6327
6327, 6327, 6331, 6333, 6339, 6341, 6347, 6349, 6351, 6352, 6352, 6353, 6356, 6356, 6356
6360, 6361, 6362, 6363, 6367, 6369, 6372, 6372, 6374, 6376, 6377, 6381, 6385, 6387, 6389
6393, 6395, 6396, 6397, 6399, 6402, 6403, 6407, 6408, 6410, 6410, 6414, 6415, 6415, 6415
6418, 6421, 6425, 6431, 6433, 6434, 6434, 6435, 6436, 6442, 6443, 6444, 6444, 6445, 6448
6451, 6451, 6456, 6456, 6458, 6460, 6461, 6462, 6464, 6464, 6468, 6468, 6469, 6471, 6472
6473, 6474, 6476, 6477, 6477, 6483, 6485, 6485, 6486, 6486, 6486, 6487, 6489, 6489, 6490
6492, 6494, 6495, 6496, 6502, 6504, 6510, 6511, 6511, 6512, 6512, 6521, 6521, 6524, 6524
6525, 6534, 6534, 6534, 6540, 6541, 6542, 6544, 6548, 6549, 6551, 6555, 6556, 6556, 6561
6562, 6563, 6567, 6567, 6567, 6571, 6572, 6572, 6574, 6578, 6579, 6582, 6589, 6589, 6590
6592, 6593, 6593, 6594, 6595, 6597, 6598, 6602, 6604, 6604, 6605, 6605, 6606, 6612, 6614
6616, 6619, 6621, 6623, 6628, 6630, 6631, 6633, 6634, 6635, 6635, 6636, 6645, 6647, 6647
6647, 6654, 6655, 6656, 6657, 6658, 6662, 6662, 6665, 6667, 6670, 6671, 6673, 6673, 6674
6674, 6674, 6677, 6677, 6678, 6683, 6684, 6688, 6689, 6689, 6693, 6695, 6699, 6699, 6700
6701, 6701, 6702, 6708, 6708, 6710, 6712, 6713, 6713, 6715, 6716, 6719, 6719, 6723, 6723
6724, 6725, 6725, 6725, 6729, 6730, 6732, 6733, 6733, 6739, 6740, 6741, 6743, 6745, 6748
6751, 6752, 6753, 6754, 6755, 6757, 6757, 6763, 6767, 6770, 6770, 6774, 6774, 6775, 6783
6790, 6793, 6794, 6796, 6796, 6797, 6800, 6802, 6805, 6807, 6814, 6814, 6815, 6815, 6817
6819, 6820, 6821, 6826, 6828, 6828, 6833, 6836, 6839, 6841, 6842, 6845, 6846, 6850, 6852
6855, 6856, 6856, 6861, 6861, 6863, 6863, 6865, 6866, 6867, 6868, 6870, 6873, 6882, 6885
6886, 6886, 6888, 6893, 6902, 6903, 6904, 6905, 6906, 6907, 6907, 6912, 6913, 6916, 6917
6921, 6923, 6924, 6925, 6926, 6928, 6933, 6936, 6939, 6943, 6944, 6945, 6947, 6949, 6950
6952, 6972, 6972, 6972, 6973, 6975, 6976, 6981, 6981, 6983, 6983, 6985, 6985, 6986, 6990
6991, 6994, 7001, 7011, 7013, 7014, 7016, 7018, 7020, 7021, 7021, 7022, 7024, 7027, 7030
7031, 7032, 7033, 7034, 7036, 7040, 7041, 7044, 7044, 7048, 7051, 7051, 7052, 7054, 7055
7056, 7058, 7058, 7060, 7064, 7065, 7068, 7069, 7071, 7072, 7073, 7079, 7082, 7083, 7083
7090, 7090, 7091, 7092, 7103, 7103, 7104, 7105, 7111, 7113, 7120, 7123, 7125, 7127, 7127
7131, 7132, 7136, 7139, 7139, 7141, 7144, 7144, 7144, 7145, 7152, 7155, 7157, 7160, 7160
7161, 7167, 7167, 7170, 7170, 7171, 7171, 7171, 7176, 7177, 7177, 7177, 7178, 7180, 7183
7188, 7189, 7190, 7191, 7195, 7198, 7199, 7200, 7201, 7201, 7201, 7202, 7202, 7206, 7207
7212, 7214, 7222, 7224, 7225, 7230, 7231, 7231, 7234, 7241, 7242, 7245, 7246, 7247, 7247
7250, 7250, 7252, 7256, 7259, 7265, 7267, 7270, 7273, 7273, 7274, 7277, 7277, 7278, 7280
7286, 7293, 7296, 7303, 7308, 7310, 7310, 7310, 7312, 7312, 7317, 7320, 7320, 7325, 7326
7328, 7329, 7331, 7339, 7344, 7346, 7347, 7347, 7348, 7349, 7351, 7352, 7354, 7355, 7355
7357, 7364, 7364, 7364, 7368, 7372, 7373, 7375, 7376, 7376, 7380, 7383, 7385, 7390, 7393
7397, 7402, 7403, 7405, 7409, 7410, 7413, 7414, 7421, 7423, 7423, 7424, 7426, 7429, 7432
7433, 7433, 7435, 7435, 7437, 7438, 7440, 7440, 7442, 7446, 7450, 7450, 7451, 7453, 7454
7454, 7456, 7458, 7462, 7463, 7463, 7465, 7466, 7467, 7469, 7470, 7474, 7474, 7475, 7477
7479, 7480, 7489, 7490, 7490, 7495, 7500, 7504, 7508, 7509, 7511, 7512, 7516, 7519, 7523
7527, 7527, 7528, 7539, 7539, 7542, 7546, 7548, 7549, 7553, 7557, 7558, 7560, 7564, 7566
7568, 7569, 7570, 7570, 7572, 7572, 7576, 7577, 7577, 7578, 7582, 7583, 7584, 7584, 7585
7587, 7589, 7590, 7590, 7592, 7601, 7603, 7606, 7608, 7608, 7608, 7609, 7609, 7610, 7616
7616, 7628, 7632, 7634, 7641, 7642, 7643, 7643, 7643, 7644, 7648, 7649, 7655, 7656, 7657
7659, 7660, 7663, 7669, 7671, 7671, 7671, 7676, 7676, 7678, 7678, 7680, 7682, 7683, 7686
7686, 7688, 7690, 7690, 7698, 7699, 7700, 7701, 7702, 7706, 7708, 7709, 7710, 7710, 7711
7712, 7712, 7714, 7716, 7716, 7716, 7717, 7721, 7724, 7724, 7725, 7725, 7727, 7728, 7730
7736, 7737, 7737, 7739, 7739, 7744, 7748, 7750, 7756, 7757, 7757, 7759, 7762, 7762, 7763
7766, 7767, 7769, 7770, 7771, 7771, 7778, 7779, 7788, 7788, 7788, 7789, 7796, 7797, 7798
7798, 7799, 7799, 7805, 7805, 7808, 7813, 7814, 7814, 7815, 7817, 7818, 7819, 7819, 7821
7824, 7826, 7829, 7830, 7831, 7834, 7836, 7836, 7837, 7838, 7838, 7838, 7840, 7848, 7851
7852, 7853, 7853, 7856, 7856, 7858, 7861, 7863, 7866, 7869, 7874, 7878, 7879, 7879, 7879
7880, 7882, 7883, 7885, 7886, 7890, 7890, 7892, 7896, 7896, 7897, 7902, 7903, 7905, 7911
7916, 7918, 7919, 7920, 7920, 7922, 7928, 7932, 7932, 7934, 7934, 7935, 7935, 7936, 7936
7937, 7940, 7940, 7940, 7943, 7944, 7945, 7947, 7948, 7950, 7952, 7952, 7954, 7959, 7959
7959, 7961, 7965, 7966, 7971, 7972, 7973, 7973, 7974, 7977, 7981, 7982, 7983, 7988, 7989
7990, 7994, 7995, 7997, 7998, 7998, 7999, 8002, 8004, 8005, 8006, 8012, 8015, 8017, 8018
8019, 8020, 8023, 8025, 8027, 8031, 8032, 8032, 8033, 8033, 8035, 8039, 8040, 8041, 8042
8046, 8048, 8048, 8051, 8058, 8066, 8066, 8067, 8068, 8071, 8072, 8078, 8080, 8083, 8084
8084, 8085, 8086, 8087, 8089, 8089, 8092, 8094, 8097, 8098, 8101, 8116, 8117, 8118, 8119
8121, 8122, 8126, 8127, 8129, 8131, 8131, 8133, 8135, 8137, 8141, 8142, 8148, 8149, 8149
8151, 8152, 8154, 8155, 8157, 8158, 8161, 8163, 8164, 8168, 8169, 8169, 8170, 8170, 8172
8176, 8177, 8179, 8181, 8181, 8184, 8184, 8185, 8190, 8192, 8194, 8194, 8197, 8197, 8198
8200, 8200, 8206, 8206, 8207, 8211, 8212, 8214, 8215, 8219, 8225, 8226, 8226, 8227, 8227
8228, 8229, 8232, 8234, 8236, 8236, 8238, 8240, 8244, 8247, 8249, 8256, 8256, 8256, 8257
8259, 8263, 8264, 8264, 8265, 8269, 8272, 8273, 8274, 8275, 8275, 8275, 8276, 8279, 8283
8285, 8286, 8288, 8289, 8289, 8290, 8300, 8302, 8304, 8306, 8306, 8308, 8311, 8311, 8314
8318, 8319, 8320, 8323, 8325, 8326, 8329, 8330, 8330, 8333, 8333, 8335, 8338, 8338, 8338
8340, 8340, 8340, 8343, 8344, 8346, 8347, 8349, 8349, 8350, 8354, 8357, 8360, 8360, 8362
8363, 8364, 8364, 8371, 8376, 8376, 8377, 8380, 8380, 8382, 8389, 8393, 8395, 8396, 8403
8405, 8411, 8412, 8414, 8420, 8421, 8425, 8430, 8431, 8435, 8438, 8439, 8441, 8443, 8446
8449, 8450, 8452, 8453, 8455, 8456, 8457, 8458, 8460, 8460, 8460, 8467, 8468, 8475, 8476
8481, 8482, 8482, 8486, 8487, 8488, 8488, 8489, 8491, 8494, 8494, 8494, 8495, 8496, 8497
8500, 8500, 8505, 8507, 8510, 8515, 8516, 8516, 8520, 8520, 8521, 8522, 8522, 8524, 8525
8527, 8528, 8529, 8529, 8530, 8530, 8530, 8535, 8535, 8535, 8536, 8537, 8538, 8539, 8549
8550, 8551, 8555, 8556, 8557, 8559, 8560, 8560, 8560, 8561, 8562, 8563, 8564, 8565, 8567
8569, 8569, 8573, 8573, 8573, 8574, 8575, 8575, 8579, 8580, 8581, 8583, 8587, 8587, 8588
8589, 8592, 8595, 8597, 8600, 8601, 8603, 8606, 8610, 8612, 8615, 8617, 8619, 8624, 8625
8626, 8627, 8628, 8630, 8633, 8634, 8636, 8636, 8638, 8640, 8640, 8641, 8641, 8641, 8641
8644, 8648, 8649, 8650, 8650, 8652, 8653, 8653, 8654, 8656, 8657, 8659, 8659, 8660, 8663
8664, 8665, 8666, 8670, 8673, 8674, 8678, 8684, 8684, 8691, 8692, 8695, 8696, 8699, 8700
8700, 8701, 8701, 8704, 8704, 8704, 8704, 8705, 8710, 8711, 8714, 8715, 8717, 8718, 8720
8722, 8724, 8728, 8729, 8732, 8732, 8735, 8735, 8735, 8736, 8740, 8740, 8742, 8742, 8743
8743, 8745, 8746, 8750, 8759, 8760, 8762, 8764, 8764, 8765, 8767, 8769, 8769, 8774, 8774
8775, 8776, 8777, 8777, 8782, 8785, 8786, 8788, 8792, 8795, 8797, 8801, 8803, 8804, 8806
8809, 8810, 8816, 8820, 8821, 8822, 8823, 8826, 8827, 8833, 8835, 8838, 8842, 8845, 8845
8846, 8852, 8853, 8859, 8861, 8861, 8866, 8867, 8867, 8867, 8882, 8882, 8885, 8885, 8885
8886, 8887, 8891, 8891, 8892, 8893, 8895, 8896, 8897, 8900, 8901, 8902, 8903, 8910, 8910
8916, 8919, 8919, 8921, 8921, 8922, 8923, 8923, 8924, 8924, 8924, 8925, 8925, 8928, 8928
8931, 8932, 8936, 8936, 8941, 8943, 8944, 8945, 8948, 8949, 8951, 8953, 8954, 8955, 8956
8956, 8957, 8957, 8958, 8959, 8966, 8972, 8973, 8976, 8977, 8981, 8988, 8992, 8993, 8994
8994, 8994, 8996, 9002, 9002, 9003, 9006, 9007, 9010, 9015, 9019, 9022, 9024, 9026, 9028
9029, 9030, 9034, 9035, 9036, 9040, 9040, 9045, 9056, 9058, 9062, 9063, 9064, 9066, 9066
9067, 9068, 9069, 9070, 9072, 9075, 9079, 9079, 9082, 9084, 9086, 9086, 9089, 9091, 9091
9093, 9097, 9099, 9106, 9109, 9111, 9111, 9113, 9113, 9117, 9123, 9124, 9125, 9127, 9133
9134, 9134, 9134, 9134, 9135, 9136, 9138, 9139, 9139, 9139, 9140, 9144, 9145, 9148, 9149
9149, 9150, 9150, 9151, 9154, 9154, 9155, 9157, 9157, 9162, 9162, 9168, 9168, 9169, 9170
9171, 9171, 9172, 9174, 9176, 9176, 9176, 9177, 9178, 9181, 9181, 9181, 9184, 9185, 9187
9188, 9196, 9198, 9200, 9204, 9207, 9209, 9212, 9212, 9213, 9213, 9214, 9216, 9223, 9223
9228, 9229, 9233, 9233, 9237, 9238, 9239, 9240, 9242, 9243, 9244, 9245, 9249, 9252, 9257
9257, 9258, 9261, 9261, 9263, 9263, 9263, 9266, 9267, 9268, 9270, 9270, 9271, 9272, 9275
9286, 9291, 9297, 9297, 9299, 9299, 9300, 9301, 9308, 9309, 9315, 9317, 9322, 9322, 9326
9327, 9328, 9329, 9330, 9333, 9337, 9339, 9339, 9340, 9341, 9344, 9347, 9347, 9349, 9349
9350, 9356, 9357, 9359, 9360, 9361, 9362, 9363, 9368, 9368, 9369, 9375, 9376, 9376, 9376
9380, 9383, 9388, 9389, 9389, 9391, 9400, 9408, 9410, 9416, 9417, 9418, 9421, 9421, 9424
9426, 9429, 9435, 9436, 9437, 9439, 9439, 9447, 9447, 9448, 9451, 9452, 9452, 9452, 9454
9457, 9460, 9465, 9470, 9473, 9476, 9476, 9479, 9482, 9485, 9487, 9492, 9493, 9499, 9502
9504, 9508, 9510, 9513, 9514, 9520, 9522, 9524, 9525, 9527, 9530, 9535, 9542, 9552, 9558
9559, 9561, 9561, 9563, 9564, 9564, 9569, 9572, 9573, 9575, 9578, 9580, 9582, 9583, 9584
9585, 9587, 9591, 9594, 9597, 9601, 9601, 9602, 9603, 9603, 9603, 9608, 9613, 9614, 9615
9620, 9620, 9621, 9621, 9622, 9624, 9625, 9634, 9634, 9635, 9635, 9637, 9638, 9639, 9640
9641, 9641, 9641, 9644, 9644, 9647, 9650, 9654, 9657, 9661, 9662, 9663, 9665, 9669, 9679
9680, 9684, 9686, 9687, 9687, 9688, 9688, 9689, 9692, 9693, 9694, 9695, 9697, 9698, 9698
9698, 9704, 9704, 9708, 9710, 9712, 9715, 9717, 9719, 9721, 9724, 9726, 9726, 9727, 9731
9733, 9734, 9737, 9737, 9742, 9744, 9745, 9749, 9750, 9754, 9755, 9756, 9757, 9757, 9761
9763, 9766, 9768, 9770, 9777, 9781, 9782, 9783, 9783, 9791, 9791, 9793, 9795, 9797, 9799
9800, 9806, 9806, 9810, 9817, 9820, 9823, 9826, 9826, 9827, 9829, 9832, 9833, 9833, 9841
9845, 9845, 9846, 9849, 9849, 9854, 9856, 9856, 9856, 9857, 9862, 9863, 9863, 9864, 9865
9866, 9867, 9867, 9869, 9871, 9872, 9873, 9875, 9878, 9881, 9884, 9886, 9890, 9890, 9892
9892, 9893, 9894, 9895, 9897, 9897, 9899, 9901, 9903, 9909, 9910, 9913, 9915, 9919, 9928
9928, 9935, 9936, 9941, 9943, 9943, 9944, 9945, 9945, 9946, 9946, 9948, 9948, 9951, 9951
9951, 9952, 9952, 9954, 9954, 9958, 9962, 9962, 9965, 9966, 9968, 9969, 9970, 9971, 9971
9972, 9974, 9975, 9975, 9976, 9977, 9985, 9986, 9989, 9990, 9995, 9996, 9997, 9998, 10000